500016751 443178876
443178876 500016751
443178876 205926603
205926603 783214
783214 17874544
783214 17874544
783214 17874544
17874544 14803701
17874544 783214
17874544 783214
17874544 783214
17874544 783214
17874544 14803701
14803701 17193794
14803701 756278
14803701 15439395
14803701 15439395
14803701 20661527
14803701 15439395
17193794 15661911
17193794 756278
17193794 14803701
15661911 20660146
15661911 756278
15661911 17193794
15661911 15134782
20660146 756278
20660146 15134782
20660146 15661911
756278 15134782
756278 17193794
756278 15661911
756278 20660146
15134782 18713254
15134782 115485051
15134782 14803701
15134782 20660146
15134782 115485051
15134782 14824849
15134782 115485051
15134782 115485051
15134782 14824849
15134782 16098603
15134782 14824849
15134782 115485051
15134782 16098603
15134782 115485051
15134782 115485051
15134782 18713254
15134782 15439395
15134782 18713254
15134782 115485051
15134782 14803701
15134782 18713254
15134782 115485051
15134782 18713254
15134782 15439395
18713254 15227791
18713254 50374439
18713254 15666380
18713254 115485051
18713254 7861312
18713254 15439395
18713254 115485051
18713254 7861312
18713254 115485051
18713254 7861312
18713254 14824849
18713254 1183041
18713254 115485051
18713254 7861312
18713254 1183041
18713254 115485051
18713254 15661871
18713254 15439395
18713254 7861312
18713254 15227791
18713254 1183041
18713254 1183041
18713254 15661871
18713254 7861312
18713254 1183041
18713254 7081402
18713254 16786977
18713254 7861312
18713254 146290693
18713254 115485051
18713254 15661871
18713254 15439395
18713254 15666380
18713254 115485051
18713254 14824849
18713254 1183041
18713254 7861312
18713254 50374439
18713254 115485051
18713254 7081402
18713254 14824849
18713254 14824849
18713254 115485051
18713254 15661871
18713254 1183041
18713254 7861312
18713254 15661871
18713254 15439395
18713254 115485051
18713254 7861312
18713254 15227791
18713254 14824849
18713254 1183041
18713254 14824849
18713254 15227791
18713254 15439395
18713254 15439395
18713254 14803701
18713254 15227791
18713254 15666380
18713254 7861312
18713254 1183041
18713254 15227791
18713254 15661871
18713254 15227791
18713254 50374439
18713254 15439395
18713254 115485051
18713254 15666380
18713254 7861312
18713254 14824849
18713254 1183041
18713254 16786977
18713254 7861312
18713254 115485051
18713254 15661871
18713254 115485051
18713254 15661871
18713254 15439395
18713254 115485051
18713254 143244854
18713254 14803701
18713254 115485051
18713254 50374439
18713254 115485051
18713254 15666380
18713254 7081402
18713254 1183041
18713254 7861312
18713254 7861312
18713254 115485051
18713254 115485051
18713254 15661871
18713254 15666380
18713254 115485051
18713254 7861312
18713254 7081402
18713254 16786977
18713254 15439395
18713254 15661871
18713254 115485051
18713254 143244854
18713254 15666380
18713254 7081402
18713254 7861312
18713254 15439395
18713254 1183041
18713254 15439395
15227791 18713254
15227791 130339829
15227791 1183041
15227791 18713254
15227791 1183041
15227791 1183041
15227791 18713254
15227791 18713254
15227791 18713254
15227791 18713254
15227791 1183041
15227791 18713254
15227791 1183041
15227791 1183041
130339829 23027237
130339829 15227791
23027237 50374439
23027237 115485051
23027237 15666380
23027237 115485051
23027237 115485051
23027237 50374439
23027237 115485051
23027237 115485051
23027237 14824849
23027237 115485051
50374439 115485051
50374439 115485051
50374439 115485051
50374439 146290693
50374439 14824849
50374439 115485051
50374439 115485051
50374439 115485051
50374439 14824849
50374439 115485051
50374439 115485051
50374439 14824849
50374439 115485051
50374439 14824849
50374439 115485051
50374439 115485051
115485051 116485573
116485573 115485051
146290693 14824849
146290693 1183041
146290693 16583672
146290693 18713254
146290693 7081402
146290693 50374439
14824849 15439395
14824849 115485051
14824849 115485051
14824849 115485051
14824849 115485051
14824849 15439395
14824849 115485051
14824849 115485051
14824849 115485051
14824849 50374439
14824849 115485051
14824849 15439395
14824849 115485051
14824849 50374439
14824849 115485051
14824849 115485051
14824849 115485051
14824849 15439395
14824849 115485051
14824849 115485051
14824849 115485051
14824849 15439395
14824849 50374439
14824849 115485051
14824849 115485051
14824849 115485051
14824849 50374439
14824849 115485051
14824849 15439395
14824849 115485051
14824849 115485051
14824849 15439395
15439395 14824849
15439395 6572452
15439395 7081402
15439395 1183041
15439395 18713254
15439395 14824849
15439395 1183041
15439395 15227791
15439395 18713254
15439395 1183041
15439395 18713254
15439395 14824849
15439395 1183041
15439395 15227791
15439395 15227791
15439395 18713254
15439395 1183041
15439395 14824849
15439395 15227791
15439395 18713254
15439395 14803701
15439395 18713254
15439395 1183041
15439395 1183041
15439395 14824849
15439395 14803701
15439395 1183041
15439395 1183041
15439395 14803701
15439395 18713254
15439395 15227791
15439395 1183041
15439395 50374439
15439395 14824849
15439395 1183041
15439395 18713254
15439395 18713254
15439395 1183041
15439395 18713254
15439395 7081402
15439395 6572452
15439395 1183041
15439395 14824849
15439395 18713254
6572452 19489341
6572452 7081402
6572452 15661871
6572452 20661527
6572452 15439395
6572452 15439395
6572452 7081402
6572452 18713254
6572452 15661871
19489341 6572452
19489341 20661527
20661527 18602163
20661527 7081402
20661527 1065921
20661527 16079941
20661527 20273398
20661527 15666380
20661527 23559552
20661527 6572452
20661527 16038438
20661527 18069427
20661527 1183041
20661527 172959279
20661527 19489341
20661527 7377812
20661527 794186
20661527 123678437
20661527 1183041
20661527 1065921
20661527 18069427
20661527 7377812
20661527 15666380
20661527 20273398
20661527 1065921
20661527 7377812
20661527 23559552
20661527 1065921
20661527 7377812
20661527 1065921
20661527 18069427
20661527 16079941
20661527 20273398
20661527 14803701
20661527 172959279
18602163 7081402
18602163 7861312
18602163 16038438
18602163 20661527
18602163 15439395
18602163 1183041
7081402 143244854
7081402 15666380
7081402 126042901
7081402 16908436
7081402 7861312
7081402 35918787
7081402 362286999
7081402 123678437
7081402 172959279
7081402 18602163
7081402 17105214
7081402 60101131
7081402 390811153
7081402 10350
7081402 15661871
7081402 16038438
7081402 16786977
7081402 16583672
7081402 20661527
7081402 1183041
7081402 15439395
7081402 15134782
7081402 7861312
7081402 146290693
7081402 16583672
7081402 362286999
7081402 1183041
7081402 16908436
7081402 18713254
7081402 7861312
7081402 16786977
7081402 17105214
7081402 115485051
7081402 18713254
7081402 50374439
7081402 10350
7081402 7861312
7081402 1183041
7081402 1183041
7081402 10350
7081402 15661871
7081402 7861312
7081402 362286999
7081402 7861312
7081402 15666380
7081402 15661871
7081402 1183041
7081402 7861312
7081402 16786977
7081402 1183041
7081402 15666380
7081402 7861312
7081402 7861312
7081402 10350
7081402 362286999
7081402 15666380
7081402 16908436
7081402 18713254
7081402 17105214
7081402 10350
7081402 1183041
7081402 362286999
7081402 7861312
7081402 10350
7081402 1183041
7081402 15666380
7081402 115485051
7081402 783214
7081402 7861312
7081402 18713254
7081402 123678437
7081402 17105214
7081402 10350
7081402 15661871
7081402 16786977
7081402 15666380
7081402 15661871
7081402 362286999
7081402 1183041
7081402 18713254
7081402 7861312
7081402 60101131
7081402 10350
7081402 15439395
7081402 115485051
7081402 143244854
143244854 60101131
143244854 10350
143244854 15666380
143244854 16583672
143244854 16038438
143244854 15661871
143244854 1183041
143244854 14824849
143244854 7081402
143244854 60101131
143244854 10350
143244854 15661871
143244854 1183041
143244854 60101131
143244854 15661871
143244854 60101131
143244854 115485051
143244854 15661871
143244854 15666380
143244854 115485051
143244854 60101131
143244854 15661871
143244854 1183041
143244854 1183041
143244854 60101131
143244854 15661871
143244854 15666380
143244854 115485051
143244854 15661871
143244854 1183041
143244854 60101131
143244854 18713254
143244854 15661871
143244854 115485051
143244854 15666380
143244854 60101131
143244854 115485051
143244854 10350
143244854 15661871
143244854 60101131
143244854 10350
143244854 115485051
143244854 7081402
143244854 1183041
143244854 18713254
143244854 15666380
143244854 15661871
60101131 1183041
60101131 7081402
60101131 15661871
60101131 143244854
60101131 15666380
60101131 143244854
60101131 1183041
60101131 15661871
60101131 143244854
60101131 15661871
60101131 143244854
60101131 15661871
60101131 15666380
60101131 115485051
60101131 15661871
60101131 15661871
60101131 115485051
60101131 143244854
60101131 1183041
60101131 15666380
60101131 15661871
60101131 15666380
60101131 143244854
60101131 1183041
60101131 15661871
60101131 115485051
60101131 143244854
60101131 18713254
60101131 15661871
60101131 15666380
60101131 115485051
60101131 143244854
60101131 15661871
60101131 7081402
60101131 15666380
60101131 143244854
60101131 115485051
60101131 1183041
60101131 18713254
60101131 15661871
1183041 362286999
1183041 15666380
1183041 7081402
1183041 16908436
1183041 15661871
1183041 14303746
1183041 55656369
1183041 14464369
1183041 143244854
1183041 10350
1183041 14326533
1183041 7861312
1183041 15913
1183041 15913
1183041 15913
1183041 115485051
1183041 7861312
1183041 115485051
1183041 18713254
1183041 7861312
1183041 10350
1183041 115485051
1183041 18713254
1183041 10350
1183041 7861312
1183041 115485051
1183041 14464369
1183041 14303746
1183041 143244854
1183041 15661871
1183041 362286999
1183041 10350
1183041 7861312
1183041 115485051
1183041 15666380
1183041 362286999
1183041 10350
1183041 7861312
1183041 115485051
1183041 18713254
1183041 15661871
1183041 7861312
1183041 14303746
1183041 18713254
1183041 14464369
1183041 7861312
1183041 15661871
1183041 115485051
1183041 362286999
1183041 18713254
1183041 7861312
1183041 7081402
1183041 16908436
1183041 115485051
1183041 15661871
1183041 7861312
1183041 15666380
1183041 10350
1183041 15661871
1183041 7861312
1183041 7861312
1183041 115485051
1183041 18713254
1183041 15666380
1183041 15661871
1183041 55656369
1183041 7861312
1183041 7861312
1183041 14303746
1183041 14464369
1183041 15913
1183041 10350
1183041 7081402
1183041 7861312
1183041 18713254
1183041 7861312
1183041 143244854
1183041 15666380
1183041 14464369
1183041 115485051
1183041 15661871
1183041 14303746
1183041 15913
1183041 7861312
1183041 115485051
1183041 10350
1183041 15913
1183041 7861312
1183041 7861312
1183041 10350
1183041 7081402
1183041 7861312
1183041 15661871
1183041 14464369
1183041 115485051
1183041 15661871
1183041 14303746
1183041 18713254
1183041 7861312
1183041 7861312
1183041 14464369
1183041 55656369
1183041 14464369
1183041 7861312
1183041 15913
1183041 115485051
1183041 7861312
1183041 15666380
1183041 14464369
1183041 15661871
1183041 14326533
1183041 7081402
1183041 143244854
1183041 15666380
1183041 14303746
1183041 14464369
1183041 15913
1183041 7861312
1183041 15661871
1183041 115485051
1183041 10350
1183041 7861312
1183041 143244854
1183041 14464369
1183041 15661871
1183041 14303746
1183041 15913
1183041 7861312
1183041 15913
1183041 14303746
1183041 14326533
1183041 14464369
1183041 15666380
1183041 18713254
1183041 7861312
1183041 7081402
1183041 7861312
1183041 115485051
1183041 7861312
1183041 14303746
1183041 14464369
1183041 115485051
1183041 7861312
1183041 14303746
1183041 14464369
1183041 115485051
1183041 362286999
1183041 7861312
1183041 15666380
1183041 115485051
1183041 15661871
1183041 18713254
1183041 7861312
1183041 115485051
1183041 14303746
1183041 14464369
1183041 14326533
1183041 14303746
1183041 18713254
1183041 15666380
1183041 16908436
1183041 362286999
1183041 15913
1183041 10350
1183041 7081402
1183041 15661871
1183041 7861312
1183041 15661871
1183041 7861312
1183041 7861312
1183041 362286999
1183041 10350
1183041 7861312
1183041 7081402
1183041 7861312
1183041 15661871
1183041 18713254
1183041 10350
1183041 15666380
1183041 143244854
1183041 15913
1183041 7081402
1183041 115485051
1183041 362286999
1183041 7861312
1183041 115485051
1183041 15661871
1183041 10350
1183041 7861312
1183041 15661871
362286999 7861312
362286999 10350
362286999 16786977
362286999 1183041
362286999 7081402
362286999 15666380
362286999 17105214
362286999 7861312
362286999 16786977
362286999 1183041
362286999 10350
362286999 7861312
362286999 1183041
362286999 10350
362286999 15666380
362286999 7861312
362286999 16786977
362286999 1183041
362286999 7081402
362286999 7861312
362286999 7861312
362286999 7861312
362286999 7081402
362286999 7861312
362286999 1183041
362286999 17105214
362286999 1183041
362286999 10350
362286999 7081402
362286999 15666380
362286999 7861312
362286999 1183041
362286999 10350
362286999 7081402
362286999 1183041
362286999 7081402
362286999 10350
362286999 15666380
362286999 7861312
7861312 15913
7861312 15666380
7861312 1183041
7861312 21158690
7861312 18445879
7861312 17105214
7861312 362286999
7861312 7081402
7861312 15575251
7861312 10350
7861312 16908436
7861312 15913
7861312 15666380
7861312 18713254
7861312 15575251
7861312 7081402
7861312 18713254
7861312 1183041
7861312 21158690
7861312 18713254
7861312 1183041
7861312 10350
7861312 18713254
7861312 1183041
7861312 10350
7861312 362286999
7861312 10350
7861312 1183041
7861312 15575251
7861312 362286999
7861312 15666380
7861312 1183041
7861312 10350
7861312 18713254
7861312 1183041
7861312 15575251
7861312 18713254
7861312 1183041
7861312 362286999
7861312 7081402
7861312 18713254
7861312 1183041
7861312 16908436
7861312 362286999
7861312 15913
7861312 1183041
7861312 15666380
7861312 1183041
7861312 10350
7861312 15913
7861312 1183041
7861312 15913
7861312 362286999
7861312 18713254
7861312 15575251
7861312 10350
7861312 15913
7861312 15666380
7861312 1183041
7861312 1183041
7861312 15913
7861312 1183041
7861312 7081402
7861312 10350
7861312 18713254
7861312 1183041
7861312 21158690
7861312 15913
7861312 15666380
7861312 1183041
7861312 15913
7861312 10350
7861312 1183041
7861312 21158690
7861312 15575251
7861312 1183041
7861312 7081402
7861312 10350
7861312 1183041
7861312 362286999
7861312 7081402
7861312 18713254
7861312 1183041
7861312 1183041
7861312 1183041
7861312 21158690
7861312 15913
7861312 10350
7861312 15575251
7861312 1183041
7861312 15913
7861312 15666380
7861312 1183041
7861312 15913
7861312 21158690
7861312 15913
7861312 1183041
7861312 15913
7861312 1183041
7861312 15913
7861312 21158690
7861312 15575251
7861312 10350
7861312 15666380
7861312 18713254
7861312 1183041
7861312 17105214
7861312 21158690
7861312 10350
7861312 16908436
7861312 1183041
7861312 7081402
7861312 7081402
7861312 15666380
7861312 1183041
7861312 15913
7861312 10350
7861312 1183041
7861312 1183041
7861312 362286999
7861312 21158690
7861312 15666380
7861312 18713254
7861312 1183041
7861312 18713254
7861312 10350
7861312 10350
7861312 15913
7861312 7081402
7861312 10350
7861312 15913
7861312 18713254
7861312 21158690
7861312 18713254
7861312 1183041
7861312 1183041
7861312 1183041
7861312 362286999
7861312 10350
7861312 1183041
7861312 7081402
7861312 1183041
7861312 15913
7861312 15666380
7861312 18713254
7861312 17105214
7861312 7081402
7861312 10350
7861312 15913
7861312 18713254
7861312 362286999
7861312 15666380
7861312 1183041
7861312 7081402
7861312 10350
7861312 10350
7861312 1183041
7861312 7081402
7861312 21158690
7861312 15913
7861312 15575251
7861312 1183041
7861312 18445879
7861312 15666380
7861312 16908436
7861312 18713254
7861312 362286999
7861312 17105214
7861312 10350
15913 10350
15913 7861312
15913 7861312
15913 10350
15913 10350
15913 7861312
15913 7861312
15913 7861312
15913 7861312
15913 10350
15913 7861312
15913 7861312
15913 10350
15913 7861312
15913 10350
15913 10350
15913 7861312
15913 7861312
15913 7861312
15913 7861312
15913 7861312
15913 10350
15913 7861312
15913 10350
15913 10350
15913 7861312
15913 7861312
15913 10350
15913 7861312
15913 10350
15913 7861312
15913 10350
15913 7861312
10350 15661871
10350 143244854
10350 7861312
10350 16038438
10350 15913
10350 16908436
10350 1183041
10350 362286999
10350 15439395
10350 18666844
10350 60101131
10350 7081402
10350 15666380
10350 16799897
10350 115485051
10350 15913
10350 15666380
10350 15913
10350 115485051
10350 1183041
10350 7861312
10350 115485051
10350 1183041
10350 7861312
10350 15439395
10350 15661871
10350 115485051
10350 143244854
10350 1183041
10350 362286999
10350 60101131
10350 15661871
10350 7861312
10350 115485051
10350 1183041
10350 362286999
10350 15666380
10350 7861312
10350 15666380
10350 1183041
10350 15661871
10350 7861312
10350 18666844
10350 7861312
10350 15913
10350 1183041
10350 7081402
10350 7861312
10350 115485051
10350 1183041
10350 15913
10350 15227791
10350 18666844
10350 7861312
10350 18666844
10350 15913
10350 15661871
10350 7081402
10350 7861312
10350 1183041
10350 15913
10350 7861312
10350 115485051
10350 1183041
10350 7861312
10350 15913
10350 115485051
10350 18666844
10350 16908436
10350 15661871
10350 7861312
10350 15913
10350 18666844
10350 7861312
10350 15913
10350 18666844
10350 7861312
10350 115485051
10350 7861312
10350 15661871
10350 7081402
10350 7861312
10350 15666380
10350 1183041
10350 15913
10350 16908436
10350 362286999
10350 7081402
10350 60101131
10350 143244854
10350 15666380
10350 15661871
10350 115485051
10350 15661871
10350 1183041
10350 362286999
10350 7081402
10350 7861312
10350 115485051
10350 15913
10350 7081402
10350 15666380
10350 15661871
10350 7861312
10350 15661871
10350 115485051
10350 15439395
10350 7081402
10350 15666380
10350 15913
10350 60101131
10350 143244854
10350 362286999
10350 1183041
10350 7861312
10350 115485051
10350 1183041
10350 15439395
10350 15661871
10350 7861312
10350 115485051
15661871 60101131
15661871 15666380
15661871 143244854
15661871 7861312
15661871 7861312
15661871 143244854
15661871 60101131
15661871 143244854
15661871 60101131
15661871 18713254
15661871 7861312
15661871 18713254
15661871 7861312
15661871 60101131
15661871 7861312
15661871 143244854
15661871 7861312
15661871 15666380
15661871 60101131
15661871 15666380
15661871 60101131
15661871 18713254
15661871 15666380
15661871 18713254
15661871 143244854
15661871 60101131
15661871 7861312
15661871 15666380
15661871 7861312
15661871 18713254
15661871 7861312
15661871 7861312
15661871 15666380
15661871 15666380
15661871 143244854
15661871 15666380
15661871 60101131
15661871 7861312
15661871 143244854
15661871 7861312
15661871 7861312
15661871 7861312
15661871 18713254
15661871 15666380
15661871 50374439
15661871 18713254
15661871 18713254
15661871 143244854
15661871 60101131
15661871 143244854
15661871 15666380
15661871 60101131
15661871 7861312
15661871 7861312
15661871 18713254
15661871 7861312
15661871 15666380
15661871 60101131
15661871 18713254
15661871 15666380
15661871 143244854
15661871 7861312
15666380 16583672
15666380 16038438
15666380 14824849
15666380 10350
15666380 15661871
15666380 7861312
15666380 15439395
15666380 1183041
15666380 14824849
15666380 18713254
15666380 50374439
15666380 115485051
15666380 7861312
15666380 23027237
15666380 14824849
15666380 10350
15666380 115485051
15666380 115485051
15666380 10350
15666380 7861312
15666380 1183041
15666380 15661871
15666380 10350
15666380 7861312
15666380 1183041
15666380 115485051
15666380 15661871
15666380 18713254
15666380 115485051
15666380 14824849
15666380 15439395
15666380 15661871
15666380 1183041
15666380 7861312
15666380 115485051
15666380 15661871
15666380 7861312
15666380 1183041
15666380 15661871
15666380 15661871
15666380 1183041
15666380 7861312
15666380 15661871
15666380 1183041
15666380 18713254
15666380 7861312
15666380 1183041
15666380 7861312
15666380 115485051
15666380 18713254
15666380 115485051
15666380 14824849
15666380 15439395
15666380 15661871
15666380 50374439
15666380 7861312
15666380 1183041
15666380 15439395
15666380 10350
15666380 18713254
15666380 1183041
15666380 10350
15666380 15661871
15666380 115485051
15666380 18713254
15666380 115485051
15666380 10350
15666380 15661871
15666380 7861312
15666380 15439395
15666380 15661871
15666380 18713254
15666380 115485051
15666380 10350
15666380 7861312
15666380 1183041
16583672 35918787
16583672 7081402
16583672 15666380
16583672 20106852
16583672 16908436
16583672 7081402
16583672 16908436
16583672 146290693
16583672 115485051
16583672 16908436
16583672 16908436
16583672 115485051
35918787 15666380
35918787 18927441
35918787 16786977
35918787 16583672
35918787 123678437
35918787 16908436
35918787 16038438
35918787 1183041
35918787 14824849
35918787 18501326
35918787 20106852
35918787 390811153
35918787 7861312
35918787 7081402
18927441 35918787
18927441 16098603
18927441 16909832
18927441 21158690
18927441 17105214
18927441 18501326
18927441 16098603
18927441 16098603
18927441 15234657
18927441 15234657
18927441 21158690
18927441 16098603
18927441 15234657
18927441 15234657
18927441 16098603
18927441 15234657
18927441 16909832
18927441 15234657
18927441 15234657
18927441 21158690
18927441 18501326
18927441 15234657
18927441 16098603
18927441 15234657
18927441 21158690
18927441 15234657
18927441 15234657
18927441 15234657
18927441 15234657
18927441 15234657
18927441 16098603
18927441 21158690
18927441 16098603
18927441 21158690
18927441 15234657
18927441 16098603
18927441 21158690
18927441 15234657
18927441 16098603
18927441 15234657
18927441 15234657
18927441 21158690
18927441 16098603
18927441 15234657
18927441 21158690
18927441 17105214
18927441 15234657
18927441 15234657
18927441 15234657
18927441 21158690
18927441 18501326
18927441 15234657
18927441 15234657
18927441 21158690
18927441 16098603
18927441 16098603
18927441 15234657
16098603 18445879
16098603 18666844
16098603 15665127
16098603 28202547
16098603 7377812
16098603 16079941
16098603 14303746
16098603 23559552
16098603 21158690
16098603 7861312
16098603 20747847
16098603 14464369
16098603 16038438
16098603 1065921
16098603 18849313
16098603 15913
16098603 1183041
16098603 18069427
16098603 14888584
16098603 16786977
16098603 14326533
16098603 87759396
16098603 20747847
16098603 18666844
16098603 1183041
16098603 14888584
16098603 15913
16098603 7861312
16098603 18069427
16098603 7377812
16098603 18069427
16098603 1065921
16098603 21158690
16098603 7861312
16098603 15234657
16098603 14303746
16098603 14464369
16098603 15913
16098603 16786977
16098603 15234657
16098603 14326533
16098603 21158690
16098603 16038438
16098603 7861312
16098603 15913
16098603 18666844
16098603 15913
16098603 15134782
16098603 7377812
16098603 1065921
16098603 14888584
16098603 23559552
16098603 15913
16098603 18069427
16098603 18069427
16098603 18666844
16098603 15913
16098603 18666844
16098603 18849313
16098603 15913
16098603 18666844
16098603 15913
16098603 20747847
16098603 1065921
16098603 18069427
16098603 21158690
16098603 20747847
16098603 16786977
16098603 7861312
16098603 15913
16098603 18069427
16098603 18069427
16098603 16079941
16098603 18666844
16098603 7377812
16098603 1065921
16098603 14888584
16098603 18849313
16098603 18666844
16098603 1065921
16098603 15913
16098603 18666844
16098603 15134782
16098603 16079941
16098603 21158690
16098603 15913
16098603 14888584
16098603 15234657
16098603 16786977
16098603 18666844
16098603 18069427
16098603 14888584
16098603 18666844
16098603 18666844
16098603 15913
16098603 18666844
16098603 18069427
16098603 7861312
16098603 18069427
16098603 18666844
16098603 18445879
16098603 16079941
16098603 7377812
16098603 14888584
16098603 15913
16098603 18069427
16098603 21158690
16098603 14464369
16098603 15913
16098603 18069427
16098603 15234657
16098603 7861312
18445879 18488495
18445879 15913
18445879 88501703
18445879 130897520
18445879 28202547
18445879 15575251
18445879 16909832
18445879 14888584
18445879 15666380
18445879 14464369
18445879 1183041
18445879 15661871
18445879 16098603
18445879 16786977
18445879 16038438
18445879 14326533
18445879 14303746
18445879 294430454
18445879 7861312
18445879 15575251
18445879 15913
18445879 14464369
18445879 15913
18445879 14303746
18445879 16098603
18445879 14888584
18445879 15575251
18445879 15666380
18445879 1183041
18445879 15913
18488495 7861312
18488495 20747847
18488495 16038438
18488495 15913
18488495 15661871
18488495 21158690
18488495 88501703
18488495 18445879
18488495 15575251
18488495 15666380
20747847 15665127
20747847 87759396
20747847 294430454
20747847 17105214
20747847 8207762
20747847 28202547
20747847 16098603
20747847 16909832
20747847 15575251
20747847 351671009
20747847 17047105
20747847 21158690
20747847 130897520
20747847 16098603
20747847 15575251
20747847 15575251
20747847 15234657
20747847 294430454
20747847 15575251
20747847 21158690
20747847 15575251
20747847 21158690
20747847 15575251
20747847 15234657
20747847 15665127
20747847 294430454
20747847 87759396
20747847 294430454
20747847 87759396
20747847 294430454
20747847 15575251
20747847 21158690
20747847 16098603
20747847 16098603
20747847 21158690
20747847 21158690
20747847 294430454
20747847 15575251
20747847 21158690
20747847 15234657
20747847 15234657
20747847 21158690
20747847 21158690
20747847 15234657
20747847 15234657
20747847 15234657
20747847 21158690
20747847 17047105
20747847 294430454
20747847 15665127
20747847 17105214
20747847 28202547
20747847 15234657
20747847 21158690
20747847 130897520
20747847 294430454
20747847 21158690
20747847 15234657
20747847 294430454
20747847 15234657
20747847 21158690
20747847 294430454
15665127 21158690
15665127 17047105
15665127 300599613
15665127 18501326
15665127 40340464
15665127 16098603
15665127 19507713
15665127 16909832
15665127 243058696
15665127 294430454
15665127 16038438
15665127 351671009
15665127 21158690
15665127 294430454
15665127 294430454
15665127 21158690
15665127 17047105
15665127 243058696
15665127 294430454
15665127 300599613
15665127 16098603
15665127 21158690
15665127 18501326
15665127 294430454
15665127 16038438
15665127 351671009
15665127 17047105
15665127 40340464
15665127 243058696
15665127 16909832
15665127 19507713
21158690 16908436
21158690 20747847
21158690 243058696
21158690 18927441
21158690 18501326
21158690 126042901
21158690 87759396
21158690 16909832
21158690 8207762
21158690 17105214
21158690 17047105
21158690 18927441
21158690 243058696
21158690 18501326
21158690 16909832
21158690 17047105
21158690 18501326
21158690 18927441
21158690 20747847
21158690 18927441
21158690 20747847
21158690 20747847
21158690 87759396
21158690 20747847
21158690 18927441
21158690 20747847
21158690 18927441
21158690 20747847
21158690 20747847
21158690 18927441
21158690 20747847
21158690 20747847
21158690 18927441
21158690 243058696
21158690 18927441
21158690 20747847
21158690 17105214
21158690 17047105
21158690 20747847
21158690 18927441
21158690 20747847
21158690 16908436
21158690 17105214
21158690 18927441
16908436 15439395
16908436 362286999
16908436 20106852
16908436 7861312
16908436 17105214
16908436 10350
16908436 15666380
16908436 7081402
16908436 14464369
16908436 16583672
16908436 1183041
16908436 14303746
16908436 1183041
16908436 362286999
16908436 16583672
16908436 7861312
16908436 18713254
16908436 7081402
16908436 7861312
16908436 14303746
16908436 10350
16908436 16583672
16908436 14464369
16908436 115485051
16908436 18713254
16908436 16583672
16908436 17105214
16908436 362286999
16908436 10350
16908436 18713254
16908436 1183041
16908436 15666380
16908436 7081402
20106852 35918787
20106852 16908436
20106852 16583672
20106852 123678437
20106852 7861312
20106852 15271920
20106852 21158690
20106852 17105214
20106852 16786977
20106852 7861312
20106852 15234657
20106852 21158690
20106852 17105214
20106852 7861312
20106852 15234657
20106852 16786977
20106852 7861312
20106852 15234657
20106852 21158690
20106852 16786977
20106852 7861312
20106852 17105214
20106852 123678437
20106852 15234657
20106852 16786977
123678437 126042901
123678437 20661527
123678437 1183041
123678437 172959279
123678437 1065921
123678437 7081402
123678437 15666380
123678437 7861312
123678437 16583672
123678437 10350
123678437 17105214
123678437 15758036
123678437 20106852
123678437 10350
123678437 20106852
123678437 7081402
123678437 15666380
123678437 7861312
123678437 17105214
123678437 115485051
126042901 7384432
126042901 14303746
126042901 21158690
126042901 1183041
126042901 14464369
126042901 10350
126042901 8207762
126042901 15913
126042901 7861312
126042901 55656369
126042901 16038438
126042901 18666844
126042901 16786977
126042901 14824849
126042901 14326533
126042901 20747847
126042901 7384432
126042901 7384432
126042901 7861312
126042901 1183041
126042901 7861312
126042901 55656369
126042901 7384432
126042901 7384432
126042901 1183041
126042901 7861312
126042901 14464369
126042901 7384432
126042901 7861312
126042901 18666844
126042901 1183041
126042901 7384432
126042901 14303746
126042901 7861312
126042901 15913
126042901 14464369
126042901 7384432
126042901 7861312
7384432 126042901
7384432 172959279
7384432 16799897
7384432 7861312
7384432 15913
7384432 15439395
7384432 15666380
7384432 1183041
7384432 126042901
7384432 7861312
7384432 126042901
7384432 7861312
7384432 126042901
7384432 1183041
7384432 126042901
7384432 7861312
7384432 7861312
7384432 126042901
7384432 7861312
7384432 15913
7384432 1183041
7384432 126042901
7384432 7861312
7384432 1183041
7384432 18713254
7384432 15439395
7384432 126042901
172959279 126042901
172959279 15758036
172959279 17105214
172959279 1065921
172959279 7861312
172959279 14303746
172959279 15666380
172959279 123678437
172959279 7081402
172959279 1183041
172959279 20106852
172959279 10350
172959279 7384432
172959279 15661871
172959279 16583672
172959279 20661527
172959279 16908436
172959279 16786977
172959279 7861312
172959279 115485051
172959279 115485051
172959279 7861312
172959279 14303746
172959279 10350
172959279 16583672
172959279 20661527
172959279 16908436
172959279 16786977
172959279 15661871
15758036 9955652
15758036 10350
15758036 7081402
15758036 308324295
15758036 1065921
15758036 172959279
15758036 1183041
15758036 16038438
15758036 7861312
15758036 337131276
15758036 294430454
15758036 87759396
15758036 17047105
15758036 123678437
15758036 126042901
15758036 351671009
15758036 14824849
15758036 20747847
15758036 8207762
15758036 28202547
15758036 21158690
9955652 20747847
9955652 40340464
9955652 16786977
9955652 21158690
9955652 16038438
40340464 33087222
40340464 21158690
40340464 28202547
40340464 9955652
40340464 130897520
40340464 243058696
40340464 15665127
40340464 16038438
40340464 193059216
40340464 1183041
40340464 351671009
40340464 7861312
40340464 15913
40340464 294430454
40340464 19507713
40340464 17047105
40340464 362286999
40340464 15666380
40340464 21158690
40340464 243058696
40340464 351671009
40340464 16038438
40340464 19507713
40340464 17047105
40340464 294430454
33087222 17047105
33087222 16038438
33087222 130897520
33087222 14464369
33087222 308324295
33087222 193059216
33087222 16799897
33087222 294430454
33087222 300599613
33087222 28202547
33087222 351671009
33087222 40340464
33087222 23559552
33087222 21158690
33087222 243058696
33087222 20747847
33087222 14303746
17047105 23559552
17047105 193059216
17047105 15666380
17047105 40340464
17047105 243058696
17047105 28202547
17047105 1183041
17047105 10350
17047105 351671009
17047105 294430454
17047105 16038438
17047105 7861312
17047105 14464369
17047105 15913
17047105 15665127
17047105 33087222
17047105 130897520
17047105 16909832
17047105 18666844
17047105 18501326
17047105 15575251
17047105 294430454
17047105 351671009
17047105 16038438
17047105 16909832
17047105 243058696
17047105 18501326
17047105 40340464
17047105 18713254
17047105 28202547
17047105 193059216
17047105 294430454
17047105 15913
17047105 28202547
17047105 243058696
17047105 15665127
17047105 130897520
23559552 16079941
23559552 33087222
23559552 18849313
23559552 21158690
23559552 294430454
23559552 16038438
23559552 88501703
23559552 300599613
23559552 20747847
23559552 20661527
23559552 16098603
23559552 17047105
23559552 87759396
23559552 18849313
23559552 21158690
23559552 20661527
23559552 16098603
16079941 7861312
16079941 21158690
16079941 18849313
16079941 10350
16079941 16908436
16079941 16038438
16079941 23559552
16079941 16583672
16079941 18666844
16079941 16098603
16079941 19507713
16079941 16786977
16079941 88501703
16079941 15575251
16079941 20661527
16079941 15913
16079941 16909832
16079941 18666844
16079941 7861312
16079941 16786977
16079941 15913
16079941 10350
16079941 15575251
16079941 7861312
16079941 18666844
16079941 15913
16079941 16098603
16079941 20661527
16079941 16098603
16079941 21158690
16079941 18666844
16079941 16786977
16079941 10350
16079941 15913
16079941 15913
16079941 16098603
16079941 18666844
16079941 7861312
16079941 18666844
18849313 14888584
18849313 15575251
18849313 15913
18849313 18927441
18849313 23559552
18849313 16079941
18849313 16098603
18849313 1065921
18849313 15913
18849313 15234657
18849313 18927441
18849313 23559552
18849313 15234657
18849313 14888584
18849313 15913
18849313 18927441
18849313 15234657
18849313 18927441
18849313 15913
18849313 15234657
18849313 15575251
18849313 15913
18849313 16098603
18849313 15234657
18849313 15913
18849313 18927441
18849313 15234657
18849313 16098603
18849313 15913
18849313 115485051
18849313 15575251
18849313 15913
14888584 18849313
14888584 18666844
14888584 7377812
14888584 18445879
14888584 16098603
14888584 1065921
14888584 14303746
14888584 18666844
14888584 16098603
14888584 18849313
14888584 15234657
14888584 1065921
14888584 7377812
14888584 7377812
14888584 16098603
14888584 1065921
14888584 16098603
14888584 18666844
14888584 1065921
14888584 7377812
14888584 18666844
14888584 15234657
14888584 15134782
14888584 16098603
14888584 16098603
14888584 15234657
14888584 14303746
14888584 18666844
14888584 7377812
14888584 16098603
14888584 18445879
18666844 15666380
18666844 294430454
18666844 20273398
18666844 14326533
18666844 15575251
18666844 15661871
18666844 15913
18666844 16098603
18666844 14464369
18666844 17047105
18666844 7861312
18666844 16799897
18666844 10350
18666844 126042901
18666844 16079941
18666844 1183041
18666844 14303746
18666844 14888584
18666844 15439395
18666844 16098603
18666844 15913
18666844 1183041
18666844 14888584
18666844 15913
18666844 294430454
18666844 15913
18666844 20273398
18666844 14326533
18666844 20273398
18666844 16799897
18666844 15913
18666844 7861312
18666844 115485051
18666844 115485051
18666844 15913
18666844 15661871
18666844 15913
18666844 7861312
18666844 16079941
18666844 16098603
18666844 15913
18666844 15575251
18666844 7861312
18666844 18713254
18666844 10350
18666844 15666380
18666844 15913
18666844 7861312
18666844 115485051
18666844 15575251
18666844 15913
18666844 7861312
18666844 1183041
18666844 10350
18666844 14464369
18666844 20273398
18666844 15913
18666844 14303746
18666844 14326533
18666844 16098603
18666844 15913
18666844 15575251
18666844 16098603
18666844 15913
18666844 10350
18666844 15913
18666844 15575251
18666844 15913
18666844 14303746
18666844 7861312
18666844 14464369
18666844 16079941
18666844 15666380
18666844 1183041
18666844 15661871
18666844 16098603
18666844 15913
18666844 14464369
18666844 7861312
18666844 15913
18666844 1183041
18666844 14303746
18666844 126042901
18666844 15661871
18666844 15913
18666844 16098603
18666844 14888584
18666844 10350
18666844 115485051
18666844 16098603
18666844 15913
18666844 14888584
18666844 16098603
18666844 15913
18666844 20273398
18666844 10350
18666844 16079941
18666844 16098603
18666844 16098603
18666844 16799897
18666844 16098603
18666844 15913
18666844 10350
18666844 16098603
18666844 7861312
18666844 15913
18666844 16079941
18666844 14888584
18666844 16098603
18666844 18713254
18666844 7861312
18666844 16079941
18666844 15913
294430454 19507713
294430454 193059216
294430454 17047105
294430454 20747847
294430454 16038438
294430454 333709376
294430454 15575251
294430454 130897520
294430454 14824849
294430454 8207762
294430454 308324295
294430454 87759396
294430454 15665127
294430454 1183041
294430454 243058696
294430454 21158690
294430454 18501326
294430454 28202547
294430454 337131276
294430454 16909832
294430454 21158690
294430454 15665127
294430454 20747847
294430454 19507713
294430454 17047105
294430454 16038438
294430454 243058696
294430454 21158690
294430454 18501326
294430454 16909832
294430454 15665127
294430454 20747847
294430454 20747847
294430454 87759396
294430454 20747847
294430454 16038438
294430454 333709376
294430454 15575251
294430454 87759396
294430454 21158690
294430454 20747847
294430454 15575251
294430454 21158690
294430454 17047105
294430454 20747847
294430454 337131276
294430454 193059216
294430454 130897520
294430454 15665127
294430454 243058696
294430454 21158690
294430454 28202547
294430454 20747847
294430454 21158690
294430454 20747847
294430454 21158690
294430454 20747847
19507713 317846921
19507713 16909832
19507713 243058696
19507713 18927441
19507713 308324295
19507713 351671009
19507713 15665127
19507713 21076522
19507713 16079941
19507713 130897520
19507713 8207762
19507713 300599613
19507713 15271920
19507713 40340464
19507713 294430454
19507713 794186
19507713 16038438
19507713 28202547
19507713 243058696
19507713 16909832
19507713 294430454
19507713 40340464
19507713 351671009
19507713 300599613
19507713 16038438
317846921 130897520
317846921 14464369
317846921 20106852
317846921 294430454
317846921 333709376
317846921 16786977
317846921 7861312
317846921 20747847
317846921 18927441
317846921 143244854
317846921 19507713
317846921 15575251
317846921 21158690
317846921 351671009
317846921 28202547
317846921 16038438
317846921 15271920
317846921 223247584
130897520 7861312
130897520 16909832
130897520 308324295
130897520 87759396
130897520 15913
130897520 193059216
130897520 20747847
130897520 18501326
130897520 16038438
130897520 243058696
130897520 14303746
130897520 337131276
130897520 18445879
130897520 40340464
130897520 21158690
130897520 18927441
130897520 15271920
130897520 17105214
130897520 28202547
130897520 17047105
130897520 16799897
130897520 20106852
130897520 294430454
130897520 15665127
130897520 300599613
130897520 8207762
130897520 14326533
130897520 20273398
130897520 223247584
130897520 19507713
130897520 351671009
130897520 333709376
130897520 14464369
130897520 15575251
130897520 193059216
130897520 243058696
130897520 337131276
130897520 20747847
130897520 21158690
130897520 18927441
130897520 17105214
130897520 28202547
130897520 15234657
130897520 15913
130897520 294430454
130897520 15665127
130897520 17047105
16909832 18501326
16909832 28202547
16909832 15665127
16909832 130897520
16909832 7861312
16909832 351671009
16909832 16079941
16909832 18445879
16909832 193059216
16909832 15913
16909832 243058696
16909832 87759396
16909832 16038438
16909832 308324295
16909832 14303746
16909832 8207762
16909832 15271920
16909832 294430454
16909832 20106852
16909832 21158690
16909832 19507713
16909832 18927441
16909832 15575251
16909832 300599613
16909832 20747847
16909832 337131276
16909832 15234657
16909832 18927441
16909832 15913
16909832 18501326
16909832 351671009
16909832 19507713
16909832 300599613
16909832 243058696
16909832 294430454
16909832 16038438
16909832 21158690
18501326 243058696
18501326 16038438
18501326 294430454
18501326 333709376
18501326 10350
18501326 14824849
18501326 130897520
18501326 28202547
18501326 300599613
18501326 15665127
18501326 21158690
18501326 308324295
18501326 243058696
18501326 16038438
18501326 294430454
18501326 300599613
18501326 21158690
18501326 21158690
18501326 115485051
243058696 300599613
243058696 294430454
243058696 18501326
243058696 20747847
243058696 16038438
243058696 8207762
243058696 7861312
243058696 21158690
243058696 351671009
243058696 28202547
243058696 15665127
243058696 130897520
243058696 300599613
243058696 294430454
243058696 351671009
243058696 18501326
243058696 16038438
243058696 21158690
243058696 294430454
243058696 20747847
243058696 21158690
243058696 28202547
243058696 130897520
243058696 15665127
300599613 16909832
300599613 28202547
300599613 15665127
300599613 21158690
300599613 87759396
300599613 243058696
300599613 19507713
300599613 294430454
300599613 130897520
300599613 16038438
300599613 18501326
300599613 308324295
300599613 193059216
300599613 294430454
300599613 21158690
300599613 16909832
300599613 243058696
300599613 19507713
300599613 294430454
300599613 16038438
300599613 18501326
300599613 21158690
28202547 8207762
28202547 130897520
28202547 308324295
28202547 15271920
28202547 14303746
28202547 18501326
28202547 87759396
28202547 15439395
28202547 17105214
28202547 15913
28202547 17047105
28202547 20273398
28202547 294430454
28202547 21158690
28202547 15913
28202547 17047105
28202547 130897520
28202547 21158690
28202547 15439395
28202547 17105214
28202547 15913
28202547 17047105
28202547 294430454
8207762 1183041
8207762 351671009
8207762 7861312
8207762 16038438
8207762 14303746
8207762 28202547
8207762 87759396
8207762 21158690
8207762 16909832
8207762 18927441
8207762 15271920
8207762 17105214
8207762 20106852
8207762 15575251
8207762 19507713
8207762 294430454
8207762 15665127
8207762 20273398
8207762 20747847
8207762 15913
8207762 7081402
8207762 130897520
351671009 15271920
351671009 40340464
351671009 337131276
351671009 20747847
351671009 16038438
351671009 15665127
351671009 193059216
351671009 17105214
351671009 300599613
351671009 15439395
351671009 17047105
351671009 21158690
351671009 243058696
351671009 19507713
351671009 14464369
351671009 308324295
351671009 130897520
351671009 87759396
351671009 16909832
351671009 28202547
351671009 14303746
351671009 294430454
351671009 14824849
351671009 40340464
351671009 16038438
351671009 300599613
351671009 17047105
351671009 21158690
351671009 16909832
351671009 243058696
351671009 19507713
351671009 294430454
15271920 16786977
15271920 19507713
15271920 8207762
15271920 21158690
15271920 362286999
15271920 28202547
15271920 16038438
15271920 130897520
15271920 87759396
15271920 20106852
15271920 7861312
15271920 1183041
15271920 14303746
15271920 14464369
15271920 16909832
15271920 223247584
15271920 351671009
15271920 16786977
15271920 21158690
15271920 15234657
15271920 21158690
15271920 362286999
15271920 15234657
15271920 14464369
15271920 115485051
15271920 14303746
15271920 7861312
15271920 1183041
15271920 223247584
16786977 16900044
16900044 16786977
16038438 390811153
16038438 15271920
16038438 18445879
16038438 19507713
16038438 20747847
16038438 87759396
16038438 308324295
16038438 21076522
16038438 16583672
16038438 18927441
16038438 7081402
16038438 16908436
16038438 14326533
16038438 17047105
16038438 10350
16038438 21158690
16038438 15913
16038438 337131276
16038438 16786977
16038438 143244854
16038438 33087222
16038438 300599613
16038438 7861312
16038438 193059216
16038438 16079941
16038438 317846921
16038438 35918787
16038438 40340464
16038438 15661871
16038438 8207762
16038438 60101131
16038438 9955652
16038438 15666380
16038438 223247584
16038438 14464369
16038438 362286999
16038438 20273398
16038438 333709376
16038438 20106852
16038438 14303746
16038438 23559552
16038438 88501703
16038438 243058696
16038438 16909832
16038438 126042901
16038438 172959279
16038438 18666844
16038438 18501326
16038438 294430454
16038438 130897520
16038438 18602163
16038438 16098603
16038438 15758036
16038438 351671009
16038438 17105214
16038438 1183041
16038438 15665127
16038438 21158690
16038438 19507713
16038438 17047105
16038438 351671009
16038438 300599613
16038438 40340464
16038438 243058696
16038438 16909832
16038438 18501326
16038438 294430454
16038438 16098603
16038438 21158690
16038438 20747847
16038438 87759396
16038438 294430454
16038438 333709376
390811153 21076522
390811153 16038438
390811153 16786977
21076522 14464369
21076522 16038438
21076522 390811153
21076522 15439395
21076522 14303746
21076522 14326533
21076522 7861312
21076522 1183041
21076522 21158690
21076522 19507713
21076522 20747847
14464369 14303746
14464369 14326533
14464369 14303746
14464369 14303746
14464369 14303746
14464369 14326533
14464369 14303746
14464369 14303746
14464369 14326533
14464369 14303746
14464369 14303746
14464369 14326533
14464369 14303746
14464369 14326533
14464369 14303746
14464369 14303746
14464369 14303746
14464369 14326533
14464369 14303746
14464369 14326533
14464369 14303746
14464369 14303746
14464369 14303746
14464369 14303746
14464369 14326533
14464369 14303746
14464369 14303746
14464369 14326533
14464369 14303746
14464369 14303746
14464369 14326533
14464369 14303746
14464369 14303746
14464369 14326533
14464369 14326533
14464369 14303746
14303746 14464369
14303746 14326533
14303746 14464369
14303746 14464369
14303746 14326533
14303746 14464369
14303746 14464369
14303746 14326533
14303746 14464369
14303746 14464369
14303746 14326533
14303746 14464369
14303746 14464369
14303746 14464369
14303746 14464369
14303746 14326533
14303746 14464369
14303746 14464369
14303746 14464369
14303746 14326533
14303746 14464369
14303746 14464369
14303746 14464369
14303746 14464369
14303746 14326533
14303746 14464369
14303746 14326533
14303746 14464369
14303746 14464369
14303746 14464369
14303746 14326533
14303746 14464369
14303746 14464369
14303746 14326533
14326533 14050306
14326533 55656369
14326533 14303746
14326533 14464369
14326533 14303746
14326533 14464369
14326533 14303746
14326533 14464369
14326533 14303746
14326533 14464369
14326533 14464369
14326533 14303746
14326533 55656369
14326533 14464369
14326533 14303746
14326533 14464369
14326533 14464369
14326533 14303746
14326533 14303746
14326533 55656369
14326533 14464369
14326533 14303746
14326533 14464369
14326533 14464369
14326533 14303746
14326533 14464369
14050306 1183041
14050306 14303746
14050306 16799897
14050306 55656369
14050306 14326533
14050306 14464369
16799897 794186
16799897 10350
16799897 15913
16799897 14464369
16799897 1065921
16799897 130897520
16799897 7861312
16799897 28202547
16799897 14303746
16799897 15913
16799897 7861312
16799897 14464369
16799897 15913
16799897 14303746
16799897 14464369
16799897 14303746
794186 16799897
794186 7377812
794186 19507713
794186 16038438
794186 20661527
794186 15661871
794186 1065921
7377812 88501703
7377812 223247584
7377812 362286999
7377812 10350
7377812 20661527
7377812 7861312
7377812 7081402
7377812 20747847
7377812 55656369
7377812 1065921
7377812 18069427
7377812 21158690
7377812 15666380
7377812 18501326
7377812 15913
7377812 794186
7377812 16079941
7377812 16583672
7377812 16098603
7377812 23559552
7377812 172959279
7377812 16908436
7377812 14888584
7377812 20273398
7377812 1183041
7377812 14824849
7377812 18849313
7377812 35918787
7377812 18927441
7377812 20106852
7377812 16799897
7377812 18666844
7377812 1065921
7377812 7861312
7377812 20661527
7377812 223247584
7377812 18069427
7377812 1065921
7377812 16098603
7377812 223247584
7377812 21158690
7377812 18069427
7377812 23559552
7377812 88501703
7377812 1065921
7377812 14888584
7377812 20661527
7377812 20661527
7377812 1065921
7377812 16098603
7377812 23559552
7377812 14888584
7377812 15913
7377812 15234657
7377812 16799897
7377812 10350
7377812 115485051
7377812 1065921
7377812 16098603
7377812 14888584
7377812 18666844
7377812 18927441
7377812 10350
7377812 15234657
7377812 18666844
7377812 20747847
7377812 15913
7377812 18666844
7377812 16079941
7377812 16098603
7377812 14888584
7377812 18666844
7377812 7861312
7377812 18927441
7377812 1183041
88501703 18069427
88501703 16799897
88501703 7377812
88501703 18488495
88501703 15575251
88501703 16908436
88501703 18666844
88501703 10350
88501703 362286999
88501703 14824849
88501703 333709376
88501703 18445879
88501703 15666380
88501703 1183041
88501703 18501326
88501703 15913
88501703 14050306
88501703 23559552
88501703 21158690
88501703 794186
88501703 16038438
88501703 14464369
88501703 7081402
88501703 7861312
88501703 16079941
88501703 7377812
18069427 20661527
18069427 223247584
18069427 1065921
18069427 16098603
18069427 7377812
18069427 18927441
18069427 88501703
18069427 16098603
18069427 20661527
18069427 1065921
18069427 16098603
18069427 223247584
18069427 7377812
18069427 223247584
18069427 223247584
18069427 7377812
18069427 16098603
18069427 16098603
18069427 1065921
18069427 18927441
18069427 16098603
18069427 18927441
18069427 16098603
18069427 18927441
18069427 20661527
18069427 16098603
18069427 16098603
18069427 16098603
18069427 16098603
18069427 16098603
18069427 16098603
18069427 18927441
223247584 21158690
223247584 18069427
223247584 351671009
223247584 16038438
223247584 333709376
223247584 15913
223247584 8207762
223247584 130897520
223247584 317846921
223247584 14464369
223247584 1065921
223247584 7081402
223247584 14888584
223247584 294430454
223247584 28202547
223247584 16909832
223247584 7377812
223247584 308324295
223247584 15271920
223247584 20106852
223247584 7377812
223247584 18069427
223247584 1065921
223247584 18069427
223247584 7377812
223247584 18069427
223247584 21158690
223247584 14464369
223247584 15234657
223247584 21158690
223247584 15271920
333709376 20747847
333709376 16786977
333709376 434725454
333709376 337131276
333709376 308324295
333709376 294430454
333709376 18927441
333709376 14824849
333709376 7861312
333709376 16038438
333709376 15666380
333709376 20747847
333709376 16038438
333709376 294430454
333709376 434725454
434725454 18927441
434725454 337131276
434725454 1183041
434725454 333709376
434725454 15575251
434725454 333709376
337131276 193059216
337131276 21158690
337131276 308324295
337131276 16038438
337131276 333709376
337131276 7861312
337131276 294430454
337131276 193059216
337131276 294430454
337131276 21158690
193059216 20747847
193059216 87759396
193059216 294430454
193059216 17047105
193059216 308324295
193059216 21158690
193059216 300599613
193059216 130897520
193059216 337131276
193059216 294430454
193059216 17047105
193059216 20747847
193059216 21158690
193059216 130897520
193059216 337131276
87759396 17105214
87759396 20747847
87759396 8207762
87759396 333709376
87759396 20273398
87759396 300599613
87759396 18927441
87759396 7861312
87759396 15665127
87759396 21158690
87759396 16038438
87759396 16909832
87759396 28202547
87759396 130897520
87759396 294430454
87759396 20747847
87759396 294430454
87759396 20747847
87759396 21158690
87759396 294430454
87759396 333709376
87759396 16038438
17105214 308324295
17105214 14464369
17105214 15666380
17105214 16908436
17105214 20747847
17105214 362286999
17105214 8207762
17105214 40340464
17105214 1183041
17105214 7081402
17105214 7861312
17105214 16786977
17105214 18927441
17105214 20106852
17105214 15439395
17105214 21158690
17105214 123678437
17105214 7081402
17105214 20106852
17105214 1183041
17105214 7861312
17105214 18713254
17105214 15666380
17105214 15234657
17105214 18927441
17105214 20747847
17105214 15439395
17105214 21158690
17105214 21158690
17105214 18713254
17105214 16908436
17105214 1183041
17105214 7081402
17105214 362286999
17105214 15666380
17105214 7861312
17105214 18713254
17105214 7081402
17105214 16786977
17105214 15234657
17105214 15666380
17105214 115485051
17105214 20106852
17105214 123678437
308324295 333709376
308324295 294430454
308324295 351671009
308324295 300599613
308324295 7861312
308324295 15575251
308324295 337131276
308324295 16038438
308324295 20273398
308324295 17105214
308324295 130897520
308324295 15665127
308324295 193059216
308324295 28202547
15575251 15913
15575251 55656369
15575251 14303746
15575251 14464369
15575251 88501703
15575251 15439395
15575251 294430454
15575251 15666380
15575251 7861312
15575251 15271920
15575251 15913
15575251 15666380
15575251 7861312
15575251 15913
15575251 15913
15575251 15666380
15575251 7861312
15575251 15439395
15575251 7861312
15575251 15913
15575251 14464369
15575251 14303746
15575251 7861312
15575251 15913
15575251 7861312
15575251 15913
15575251 15913
15575251 55656369
15575251 15913
15575251 15913
15575251 7861312
15575251 294430454
15575251 15913
15575251 294430454
15575251 7861312
15575251 15913
15575251 15439395
15575251 15666380
15575251 15913
15575251 15666380
15575251 15913
55656369 14464369
55656369 14303746
55656369 14326533
55656369 83233279
55656369 14464369
55656369 14303746
55656369 14326533
55656369 14464369
55656369 14464369
55656369 83233279
55656369 14303746
55656369 14326533
83233279 7861312
83233279 18927441
83233279 15234657
83233279 55656369
83233279 16098603
83233279 7861312
83233279 14464369
83233279 55656369
83233279 10350
83233279 16786977
83233279 14803701
83233279 14303746
83233279 14326533
15234657 15913
15234657 20273398
15234657 15575251
15234657 7861312
15234657 783214
15234657 10350
15234657 15913
15234657 783214
15234657 15913
15234657 20273398
15234657 18849313
15234657 21158690
15234657 15913
15234657 20273398
15234657 20747847
15234657 18927441
15234657 15575251
15234657 10350
15234657 16098603
15234657 21158690
15234657 18927441
15234657 7861312
15234657 7861312
15234657 18927441
15234657 18849313
15234657 15913
15234657 20273398
15234657 15913
15234657 14464369
15234657 16098603
15234657 18927441
15234657 15575251
15234657 14303746
15234657 783214
15234657 783214
15234657 7861312
15234657 15913
15234657 18849313
15234657 18927441
15234657 14888584
15234657 20273398
15234657 18927441
15234657 21158690
15234657 18927441
15234657 18927441
15234657 20273398
15234657 18849313
15234657 15913
15234657 783214
15234657 18927441
15234657 7861312
15234657 18927441
15234657 18927441
15234657 20273398
15234657 18849313
15234657 15913
15234657 20273398
15234657 20747847
15234657 18927441
15234657 7861312
15234657 15575251
15234657 10350
15234657 1183041
15234657 15913
15234657 18927441
15234657 18849313
15234657 15575251
15234657 10350
15234657 783214
15234657 7861312
15234657 18927441
15234657 15913
15234657 20747847
15234657 21158690
15234657 7861312
15234657 15575251
15234657 10350
15234657 15913
15234657 14303746
15234657 18927441
15234657 20747847
15234657 21158690
15234657 7861312
15234657 15913
15234657 20273398
15234657 16098603
15234657 21158690
15234657 15271920
15234657 10350
15234657 14888584
15234657 1183041
15234657 18927441
15234657 7861312
15234657 783214
15234657 14464369
15234657 14303746
15234657 20747847
15234657 15913
15234657 18927441
15234657 14464369
15234657 20747847
15234657 14303746
15234657 14888584
15234657 7861312
15234657 1183041
15234657 14464369
15234657 20747847
15234657 21158690
15234657 18927441
15234657 15271920
15234657 7861312
15234657 14303746
15234657 10350
15234657 15913
15234657 20747847
15234657 21158690
15234657 18927441
15234657 17105214
15234657 15913
15234657 18927441
15234657 10350
15234657 18927441
15234657 7861312
15234657 15913
15234657 20273398
15234657 20747847
15234657 21158690
15234657 18927441
15234657 15913
15234657 783214
15234657 15913
15234657 18927441
15234657 7861312
15234657 21158690
15234657 20747847
15234657 15913
15234657 14464369
15234657 16098603
15234657 21158690
15234657 7861312
15234657 15913
15234657 18927441
15234657 15913
15234657 783214
15234657 15661871
15234657 7861312
15234657 10350
15234657 17105214
15234657 1183041
15234657 7861312
15234657 15913
15234657 18927441
20273398 87759396
20273398 14303746
20273398 1065921
20273398 15913
20273398 10350
20273398 28202547
20273398 55656369
20273398 16799897
20273398 18927441
20273398 7861312
20273398 14464369
20273398 15666380
20273398 20661527
20273398 21158690
20273398 130897520
20273398 16038438
20273398 15575251
20273398 18666844
20273398 126042901
20273398 308324295
20273398 20747847
20273398 15913
20273398 7861312
20273398 15666380
20273398 15234657
20273398 15575251
20273398 115485051
20273398 15666380
20273398 18927441
20273398 20747847
20273398 15913
20273398 21158690
20273398 15234657
20273398 18666844
20273398 18666844
20273398 15913
20273398 18927441
20273398 20661527
20273398 15666380
20273398 10350
20273398 15234657
20273398 15575251
20273398 20747847
20273398 15913
20273398 15234657
20273398 18927441
20273398 15234657
20273398 15913
20273398 115485051
20273398 20747847
20273398 15913
20273398 18927441
20273398 15234657
20273398 15913
20273398 18927441
20273398 14303746
20273398 14464369
20273398 15913
20273398 18666844
20273398 18927441
20273398 15234657
20273398 15913
20273398 18927441
20273398 15575251
20273398 1065921
20273398 15913
20273398 10350
20273398 7861312
20273398 15234657
20273398 15575251
20273398 18927441
20273398 20747847
20273398 20661527
20273398 10350
20273398 21158690
20273398 15913
20273398 18666844
20273398 15234657
20273398 18927441
20273398 18927441
20273398 55656369
20273398 20747847
20273398 18927441
20273398 21158690
20273398 15913
20273398 15234657
20273398 20747847
1065921 87759396
1065921 20661527
1065921 14888584
1065921 18849313
1065921 10350
1065921 16786977
1065921 172959279
1065921 20747847
1065921 15758036
1065921 18069427
1065921 16038438
1065921 7861312
1065921 16799897
1065921 21158690
1065921 223247584
1065921 14464369
1065921 7377812
1065921 123678437
1065921 16098603
1065921 794186
1065921 15913
1065921 7377812
1065921 7861312
1065921 20661527
1065921 18069427
1065921 16098603
1065921 223247584
1065921 7377812
1065921 7861312
1065921 15913
1065921 7377812
1065921 20661527
1065921 14888584
1065921 20661527
1065921 14888584
1065921 16098603
1065921 7377812
1065921 15134782
1065921 20747847
1065921 21158690
1065921 15913
1065921 10350
1065921 7861312
1065921 20747847
1065921 18069427
1065921 16786977
1065921 15913
1065921 15234657
1065921 87759396
1065921 20747847
1065921 16038438
1065921 21158690
1065921 7861312
1065921 16786977
1065921 15913
1065921 20661527
1065921 7861312
1065921 16098603
1065921 20747847
1065921 7377812
1065921 16098603
1065921 10350
1065921 14888584
1065921 16098603
1065921 15913
