45595041 289067947
45595041 24049717
45595041 26304714
289067947 26304714
26304714 24049717
26304714 45595041
24049717 237851354
24049717 20656723
24049717 33395719
24049717 14506632
24049717 10828932
24049717 39852586
24049717 27934142
24049717 23979480
24049717 216917034
24049717 84214491
24049717 45595041
24049717 26304714
237851354 164344573
237851354 20656723
237851354 23979480
237851354 171707262
237851354 10828932
164344573 42994378
164344573 30222733
164344573 164843387
164344573 44060695
164344573 10828932
164344573 113778154
164344573 257461063
164344573 315572612
164344573 171629906
164344573 171707262
164344573 284430121
164344573 112018114
164344573 161516690
42994378 284430121
42994378 112018114
42994378 164344573
42994378 164843387
284430121 164843387
284430121 171629906
284430121 257461063
284430121 98214519
284430121 30222733
284430121 113778154
284430121 171707262
284430121 164344573
284430121 135323628
284430121 315572612
284430121 112018114
284430121 165152266
164843387 10828932
164843387 216917034
164843387 42994378
164843387 113778154
164843387 84214491
164843387 315572612
164843387 14506632
164843387 257461063
164843387 112018114
164843387 171629906
164843387 284430121
164843387 164344573
164843387 20656723
164843387 98214519
10828932 35056759
10828932 257461063
10828932 30222733
10828932 98214519
10828932 171707262
10828932 360803528
10828932 42994378
10828932 315572612
10828932 113778154
10828932 164344573
10828932 17315107
10828932 165152266
10828932 284430121
10828932 135323628
10828932 216917034
10828932 84214491
10828932 178240545
10828932 112018114
10828932 164843387
10828932 131039788
10828932 161516690
10828932 171629906
10828932 23979480
35056759 131039788
35056759 10828932
35056759 14506632
131039788 14506632
14506632 161516690
14506632 113778154
14506632 39852586
14506632 165152266
14506632 20656723
14506632 42994378
14506632 164843387
14506632 164344573
14506632 171629906
14506632 23979480
14506632 112018114
14506632 284430121
14506632 216917034
14506632 30222733
14506632 315572612
14506632 17315107
14506632 257461063
14506632 135323628
14506632 10828932
14506632 171707262
161516690 171707262
161516690 164344573
161516690 171629906
161516690 30222733
161516690 112018114
171707262 112018114
171707262 42994378
171707262 284430121
171707262 164843387
171707262 161516690
171707262 171629906
171707262 164344573
171707262 135323628
171707262 98214519
171707262 30222733
171707262 257461063
171707262 315572612
112018114 171629906
112018114 84214491
112018114 284430121
112018114 42994378
112018114 135323628
112018114 171707262
112018114 98214519
112018114 257461063
112018114 161516690
112018114 17315107
112018114 164843387
112018114 30222733
112018114 164344573
112018114 20656723
112018114 113778154
171629906 284430121
171629906 315572612
171629906 30222733
171629906 112018114
171629906 164843387
171629906 171707262
171629906 164344573
171629906 161516690
171629906 178240545
315572612 164843387
315572612 178240545
315572612 171629906
315572612 284430121
315572612 171707262
315572612 113778154
315572612 30222733
315572612 164344573
178240545 135323628
178240545 315572612
135323628 165152266
135323628 284430121
165152266 113778154
165152266 360803528
165152266 135323628
165152266 284430121
113778154 164843387
113778154 315572612
113778154 171707262
113778154 112018114
113778154 284430121
113778154 165152266
113778154 257461063
257461063 112018114
257461063 284430121
360803528 98214519
360803528 23979480
360803528 135323628
98214519 84214491
98214519 20656723
98214519 48849410
98214519 216917034
98214519 171707262
98214519 161516690
98214519 112018114
98214519 113778154
98214519 284430121
98214519 257461063
98214519 18843019
98214519 360803528
98214519 10828932
98214519 164843387
98214519 164344573
98214519 165152266
98214519 19785801
84214491 315572612
84214491 216917034
84214491 113778154
84214491 164843387
84214491 112018114
84214491 284430121
84214491 171707262
84214491 10828932
84214491 39852586
216917034 30222733
216917034 131039788
216917034 164843387
216917034 284430121
216917034 19785801
216917034 315572612
216917034 171629906
216917034 33395719
216917034 44060695
216917034 360803528
216917034 161516690
216917034 35056759
216917034 84214491
216917034 14506632
216917034 10828932
216917034 164344573
216917034 171707262
216917034 165152266
216917034 23979480
216917034 98214519
216917034 257461063
216917034 112018114
216917034 178240545
216917034 113778154
216917034 135323628
30222733 113778154
30222733 161516690
30222733 112018114
30222733 315572612
30222733 17315107
30222733 284430121
30222733 171707262
30222733 171629906
30222733 164344573
17315107 44060695
17315107 19785801
17315107 171707262
17315107 10828932
17315107 171629906
17315107 112018114
44060695 14583608
44060695 164344573
44060695 14583608
14583608 33395719
14583608 44060695
14583608 48849410
14583608 44060695
33395719 27934142
33395719 7452872
33395719 156461982
33395719 19785801
33395719 22561519
33395719 23220667
33395719 48849410
33395719 20656723
33395719 57442980
33395719 22944753
33395719 48849410
33395719 19785801
27934142 156461982
27934142 48849410
27934142 23979480
27934142 19785801
27934142 7452872
27934142 33395719
27934142 57442980
156461982 22561519
156461982 23220667
156461982 69147333
156461982 22944753
156461982 18843019
156461982 164344573
156461982 33395719
156461982 20656723
156461982 19785801
156461982 48849410
156461982 7452872
156461982 23979480
156461982 27934142
156461982 10828932
22561519 18843019
22561519 156461982
22561519 7452872
22561519 69147333
22561519 48849410
22561519 27934142
22561519 19785801
22561519 33395719
18843019 33395719
18843019 23979480
18843019 22944753
18843019 69147333
18843019 156461982
18843019 19785801
18843019 7452872
18843019 23220667
18843019 48849410
18843019 57442980
18843019 27934142
18843019 20656723
23979480 57442980
23979480 27934142
23979480 48849410
23979480 19785801
23979480 33395719
23979480 69147333
57442980 18843019
57442980 20656723
57442980 48849410
57442980 27934142
57442980 19785801
57442980 33395719
57442980 23979480
20656723 18843019
20656723 7452872
20656723 284430121
20656723 17315107
20656723 112018114
20656723 19785801
20656723 171629906
20656723 135323628
20656723 315572612
20656723 171707262
20656723 113778154
20656723 23979480
20656723 257461063
20656723 164843387
20656723 161516690
20656723 33395719
20656723 164344573
20656723 30222733
20656723 57442980
20656723 39852586
20656723 23220667
7452872 23220667
7452872 18843019
7452872 33395719
7452872 19785801
7452872 156461982
7452872 69147333
7452872 14506632
7452872 27934142
7452872 48849410
23220667 23979480
23220667 20656723
23220667 22944753
23220667 27934142
23220667 19785801
23220667 48849410
23220667 7452872
23220667 156461982
23220667 33395719
23220667 57442980
23220667 14506632
22944753 18843019
22944753 39852586
22944753 84214491
22944753 33395719
22944753 57442980
22944753 69147333
22944753 23979480
22944753 27934142
22944753 20656723
22944753 7452872
22944753 19785801
22944753 48849410
22944753 23220667
39852586 48849410
39852586 19785801
39852586 22944753
39852586 20656723
39852586 165152266
39852586 14506632
39852586 27934142
39852586 135323628
39852586 84214491
39852586 23979480
39852586 10828932
39852586 33395719
48849410 69147333
48849410 23979480
48849410 7452872
48849410 33395719
48849410 18843019
48849410 23220667
48849410 27934142
48849410 57442980
48849410 33395719
69147333 19785801
69147333 48849410
69147333 7452872
69147333 27934142
69147333 156461982
69147333 22944753
69147333 22561519
69147333 23220667
69147333 33395719
69147333 23979480
69147333 18843019
19785801 71023061
19785801 2557521
19785801 17461978
19785801 23979480
19785801 98214519
19785801 33395719
19785801 27934142
19785801 23220667
19785801 7452872
19785801 69147333
19785801 22944753
19785801 18843019
19785801 20656723
19785801 33395719
71023061 17461978
71023061 19785801
71023061 2557521
71023061 2557521
17461978 42519612
42519612 96821645
42519612 156132825
42519612 17461978
96821645 42519612
96821645 156132825
156132825 2557521
156132825 42519612
156132825 96821645
2557521 19544055
2557521 19785801
2557521 71023061
2557521 156132825
2557521 71023061
2557521 96821645
19544055 18369265
19544055 2557521
18369265 17929027
17929027 16371289
17929027 18369265
16371289 17929027
16371289 24621955
16371289 2557521
16371289 813286
24621955 2557521
24621955 428333
24621955 17929027
24621955 813286
24621955 813286
428333 30043495
428333 30043495
428333 30043495
428333 30043495
30043495 17074440
30043495 428333
30043495 9532402
30043495 428333
30043495 428333
17074440 9532402
17074440 20608910
17074440 9300262
17074440 428333
17074440 428333
17074440 15846407
17074440 428333
9532402 9300262
9532402 17074440
9532402 30043495
9300262 20608910
9300262 428333
9300262 30043495
9300262 9532402
9300262 17074440
20608910 44177383
20608910 813286
20608910 428333
20608910 9532402
44177383 15846407
44177383 813286
44177383 20608910
15846407 813286
15846407 20608910
15846407 813286
15846407 10350
15846407 428333
15846407 428333
15846407 813286
15846407 10350
15846407 428333
15846407 15913
15846407 813286
15846407 428333
15846407 1183041
15846407 7861312
15846407 1183041
15846407 15913
15846407 7861312
15846407 10350
15846407 17461978
15846407 15439395
15846407 813286
15846407 2557521
15846407 428333
15846407 2557521
15846407 14824849
15846407 428333
15846407 7861312
15846407 1183041
15846407 7861312
15846407 1183041
15846407 428333
15846407 428333
15846407 17074440
15846407 7861312
15846407 15666380
15846407 813286
15846407 16583672
15846407 16908436
15846407 18369265
15846407 813286
813286 16637198
813286 7861312
813286 1183041
813286 10350
813286 44177383
813286 7861312
813286 1183041
813286 10350
813286 1183041
813286 7861312
813286 1183041
813286 10350
813286 1183041
813286 7861312
813286 16583672
813286 10350
813286 1183041
813286 7861312
813286 1183041
813286 10350
813286 7861312
813286 1183041
813286 7861312
813286 1183041
813286 7861312
813286 1183041
813286 7861312
813286 16583672
813286 10350
813286 7861312
813286 7861312
813286 10350
813286 16583672
813286 7861312
813286 1183041
813286 7861312
16637198 813286
16637198 26829539
26829539 17567533
17567533 120252183
17567533 15666380
17567533 813286
17567533 14824849
17567533 428333
17567533 30043495
120252183 14824849
14824849 15439395
14824849 15439395
14824849 15439395
14824849 15439395
14824849 15439395
14824849 15439395
14824849 15439395
15439395 14824849
15439395 6572452
15439395 7081402
15439395 1183041
15439395 14824849
15439395 1183041
15439395 813286
15439395 1183041
15439395 813286
15439395 813286
15439395 14824849
15439395 1183041
15439395 1183041
15439395 14824849
15439395 813286
15439395 1183041
15439395 1183041
15439395 813286
15439395 14824849
15439395 1183041
15439395 1183041
15439395 1183041
15439395 14824849
15439395 1183041
15439395 1183041
15439395 7081402
15439395 6572452
15439395 1183041
15439395 14824849
15439395 813286
6572452 19489341
6572452 7081402
6572452 15661871
6572452 20661527
6572452 15439395
6572452 15439395
6572452 7081402
6572452 15661871
19489341 6572452
19489341 20661527
20661527 18602163
20661527 7081402
20661527 15666380
20661527 6572452
20661527 1183041
20661527 19489341
20661527 123678437
20661527 1183041
20661527 15666380
18602163 7081402
18602163 7861312
18602163 20661527
18602163 15439395
18602163 1183041
7081402 143244854
7081402 15666380
7081402 126042901
7081402 16908436
7081402 7861312
7081402 35918787
7081402 362286999
7081402 123678437
7081402 18602163
7081402 60101131
7081402 10350
7081402 15661871
7081402 16583672
7081402 20661527
7081402 1183041
7081402 15439395
7081402 7861312
7081402 16583672
7081402 362286999
7081402 1183041
7081402 16908436
7081402 7861312
7081402 813286
7081402 10350
7081402 7861312
7081402 1183041
7081402 1183041
7081402 10350
7081402 15661871
7081402 7861312
7081402 362286999
7081402 7861312
7081402 15666380
7081402 15661871
7081402 1183041
7081402 7861312
7081402 1183041
7081402 15666380
7081402 7861312
7081402 7861312
7081402 10350
7081402 362286999
7081402 15666380
7081402 16908436
7081402 10350
7081402 1183041
7081402 362286999
7081402 7861312
7081402 10350
7081402 1183041
7081402 15666380
7081402 7861312
7081402 123678437
7081402 10350
7081402 15661871
7081402 15666380
7081402 15661871
7081402 362286999
7081402 1183041
7081402 7861312
7081402 60101131
7081402 10350
7081402 15439395
7081402 143244854
143244854 60101131
143244854 10350
143244854 15666380
143244854 16583672
143244854 15661871
143244854 1183041
143244854 14824849
143244854 7081402
143244854 60101131
143244854 10350
143244854 15661871
143244854 1183041
143244854 60101131
143244854 428333
143244854 15661871
143244854 60101131
143244854 428333
143244854 15661871
143244854 15666380
143244854 60101131
143244854 15661871
143244854 1183041
143244854 1183041
143244854 60101131
143244854 15661871
143244854 15666380
143244854 15661871
143244854 1183041
143244854 60101131
143244854 15661871
143244854 15666380
143244854 60101131
143244854 10350
143244854 15661871
143244854 60101131
143244854 10350
143244854 7081402
143244854 1183041
143244854 15666380
143244854 15661871
60101131 1183041
60101131 7081402
60101131 15661871
60101131 143244854
60101131 15666380
60101131 143244854
60101131 1183041
60101131 15661871
60101131 143244854
60101131 15661871
60101131 143244854
60101131 15661871
60101131 17461978
60101131 15666380
60101131 15661871
60101131 15661871
60101131 143244854
60101131 1183041
60101131 15666380
60101131 15661871
60101131 15666380
60101131 143244854
60101131 1183041
60101131 15661871
60101131 143244854
60101131 15661871
60101131 15666380
60101131 143244854
60101131 15661871
60101131 7081402
60101131 15666380
60101131 143244854
60101131 1183041
60101131 15661871
1183041 362286999
1183041 15666380
1183041 7081402
1183041 16908436
1183041 15661871
1183041 143244854
1183041 10350
1183041 7861312
1183041 15913
1183041 15913
1183041 15913
1183041 7861312
1183041 7861312
1183041 10350
1183041 10350
1183041 7861312
1183041 143244854
1183041 15661871
1183041 362286999
1183041 10350
1183041 7861312
1183041 15666380
1183041 362286999
1183041 10350
1183041 7861312
1183041 15661871
1183041 7861312
1183041 7861312
1183041 15661871
1183041 362286999
1183041 7861312
1183041 7081402
1183041 16908436
1183041 15661871
1183041 7861312
1183041 15666380
1183041 10350
1183041 15661871
1183041 7861312
1183041 7861312
1183041 15666380
1183041 15661871
1183041 7861312
1183041 7861312
1183041 15913
1183041 10350
1183041 7081402
1183041 7861312
1183041 7861312
1183041 143244854
1183041 15666380
1183041 15661871
1183041 15913
1183041 7861312
1183041 10350
1183041 15913
1183041 7861312
1183041 7861312
1183041 10350
1183041 7081402
1183041 7861312
1183041 15661871
1183041 15661871
1183041 7861312
1183041 7861312
1183041 7861312
1183041 15913
1183041 7861312
1183041 15666380
1183041 15661871
1183041 7081402
1183041 143244854
1183041 15666380
1183041 15913
1183041 7861312
1183041 15661871
1183041 10350
1183041 7861312
1183041 143244854
1183041 15661871
1183041 15913
1183041 7861312
1183041 15913
1183041 15666380
1183041 7861312
1183041 7081402
1183041 7861312
1183041 7861312
1183041 7861312
1183041 362286999
1183041 7861312
1183041 15666380
1183041 15661871
1183041 7861312
1183041 15666380
1183041 16908436
1183041 362286999
1183041 15913
1183041 10350
1183041 7081402
1183041 15661871
1183041 7861312
1183041 15661871
1183041 7861312
1183041 7861312
1183041 362286999
1183041 10350
1183041 7861312
1183041 7081402
1183041 7861312
1183041 15661871
1183041 10350
1183041 15666380
1183041 143244854
1183041 15913
1183041 7081402
1183041 362286999
1183041 7861312
1183041 15661871
1183041 10350
1183041 7861312
1183041 15661871
362286999 7861312
362286999 10350
362286999 1183041
362286999 7081402
362286999 15666380
362286999 7861312
362286999 1183041
362286999 10350
362286999 7861312
362286999 1183041
362286999 10350
362286999 15666380
362286999 7861312
362286999 1183041
362286999 7081402
362286999 7861312
362286999 7861312
362286999 7861312
362286999 7081402
362286999 7861312
362286999 1183041
362286999 1183041
362286999 10350
362286999 7081402
362286999 15666380
362286999 7861312
362286999 1183041
362286999 10350
362286999 7081402
362286999 1183041
362286999 7081402
362286999 10350
362286999 15666380
362286999 7861312
7861312 15913
7861312 15666380
7861312 1183041
7861312 21158690
7861312 18445879
7861312 362286999
7861312 7081402
7861312 10350
7861312 16908436
7861312 15913
7861312 15666380
7861312 7081402
7861312 1183041
7861312 21158690
7861312 1183041
7861312 10350
7861312 1183041
7861312 10350
7861312 362286999
7861312 10350
7861312 1183041
7861312 362286999
7861312 15666380
7861312 1183041
7861312 10350
7861312 1183041
7861312 1183041
7861312 362286999
7861312 7081402
7861312 1183041
7861312 16908436
7861312 362286999
7861312 15913
7861312 1183041
7861312 15666380
7861312 1183041
7861312 10350
7861312 15913
7861312 1183041
7861312 15913
7861312 362286999
7861312 10350
7861312 15913
7861312 15666380
7861312 1183041
7861312 1183041
7861312 15913
7861312 1183041
7861312 7081402
7861312 10350
7861312 1183041
7861312 21158690
7861312 15913
7861312 15666380
7861312 1183041
7861312 15913
7861312 10350
7861312 1183041
7861312 21158690
7861312 1183041
7861312 7081402
7861312 10350
7861312 1183041
7861312 362286999
7861312 7081402
7861312 1183041
7861312 1183041
7861312 1183041
7861312 21158690
7861312 15913
7861312 10350
7861312 1183041
7861312 15913
7861312 15666380
7861312 1183041
7861312 15913
7861312 21158690
7861312 15913
7861312 1183041
7861312 15913
7861312 1183041
7861312 15913
7861312 21158690
7861312 10350
7861312 15666380
7861312 1183041
7861312 21158690
7861312 10350
7861312 16908436
7861312 1183041
7861312 7081402
7861312 7081402
7861312 15666380
7861312 1183041
7861312 15913
7861312 10350
7861312 1183041
7861312 1183041
7861312 362286999
7861312 21158690
7861312 15666380
7861312 1183041
7861312 10350
7861312 10350
7861312 15913
7861312 7081402
7861312 10350
7861312 15913
7861312 21158690
7861312 1183041
7861312 1183041
7861312 1183041
7861312 362286999
7861312 10350
7861312 1183041
7861312 7081402
7861312 1183041
7861312 15913
7861312 15666380
7861312 7081402
7861312 10350
7861312 15913
7861312 362286999
7861312 15666380
7861312 1183041
7861312 7081402
7861312 10350
7861312 10350
7861312 1183041
7861312 7081402
7861312 21158690
7861312 15913
7861312 1183041
7861312 18445879
7861312 15666380
7861312 16908436
7861312 362286999
7861312 10350
15913 10350
15913 7861312
15913 7861312
15913 10350
15913 10350
15913 7861312
15913 7861312
15913 7861312
15913 7861312
15913 10350
15913 7861312
15913 7861312
15913 10350
15913 7861312
15913 10350
15913 10350
15913 7861312
15913 7861312
15913 7861312
15913 7861312
15913 7861312
15913 10350
15913 7861312
15913 10350
15913 10350
15913 7861312
15913 7861312
15913 10350
15913 7861312
15913 10350
15913 7861312
15913 10350
15913 7861312
10350 15661871
10350 143244854
10350 7861312
10350 15913
10350 16908436
10350 1183041
10350 362286999
10350 15439395
10350 60101131
10350 7081402
10350 15666380
10350 15913
10350 15666380
10350 15913
10350 813286
10350 1183041
10350 7861312
10350 813286
10350 1183041
10350 7861312
10350 15439395
10350 15661871
10350 143244854
10350 1183041
10350 362286999
10350 60101131
10350 15661871
10350 7861312
10350 1183041
10350 362286999
10350 15666380
10350 7861312
10350 813286
10350 15666380
10350 1183041
10350 15661871
10350 7861312
10350 813286
10350 7861312
10350 813286
10350 15913
10350 1183041
10350 7081402
10350 7861312
10350 1183041
10350 15913
10350 7861312
10350 15913
10350 15661871
10350 7081402
10350 7861312
10350 1183041
10350 15913
10350 7861312
10350 1183041
10350 7861312
10350 15913
10350 813286
10350 16908436
10350 15661871
10350 7861312
10350 15913
10350 7861312
10350 15913
10350 813286
10350 7861312
10350 7861312
10350 15661871
10350 7081402
10350 7861312
10350 15666380
10350 1183041
10350 15913
10350 16908436
10350 362286999
10350 7081402
10350 60101131
10350 143244854
10350 15666380
10350 15661871
10350 15661871
10350 1183041
10350 362286999
10350 7081402
10350 7861312
10350 15913
10350 7081402
10350 15666380
10350 15661871
10350 7861312
10350 15661871
10350 15439395
10350 7081402
10350 15666380
10350 15913
10350 60101131
10350 143244854
10350 362286999
10350 1183041
10350 7861312
10350 1183041
10350 15439395
10350 15661871
10350 7861312
15661871 60101131
15661871 15666380
15661871 143244854
15661871 7861312
15661871 7861312
15661871 143244854
15661871 60101131
15661871 143244854
15661871 60101131
15661871 7861312
15661871 7861312
15661871 60101131
15661871 7861312
15661871 143244854
15661871 7861312
15661871 15666380
15661871 60101131
15661871 15666380
15661871 60101131
15661871 15666380
15661871 143244854
15661871 60101131
15661871 7861312
15661871 15666380
15661871 7861312
15661871 7861312
15661871 7861312
15661871 15666380
15661871 15666380
15661871 143244854
15661871 15666380
15661871 60101131
15661871 7861312
15661871 143244854
15661871 7861312
15661871 7861312
15661871 7861312
15661871 15666380
15661871 143244854
15661871 60101131
15661871 143244854
15661871 15666380
15661871 60101131
15661871 7861312
15661871 7861312
15661871 7861312
15661871 15666380
15661871 60101131
15661871 15666380
15661871 143244854
15661871 7861312
15666380 16583672
15666380 14824849
15666380 10350
15666380 15661871
15666380 7861312
15666380 15439395
15666380 1183041
15666380 14824849
15666380 7861312
15666380 14824849
15666380 10350
15666380 10350
15666380 7861312
15666380 1183041
15666380 15661871
15666380 10350
15666380 7861312
15666380 1183041
15666380 15661871
15666380 14824849
15666380 15439395
15666380 15661871
15666380 1183041
15666380 7861312
15666380 15661871
15666380 7861312
15666380 1183041
15666380 15661871
15666380 15661871
15666380 1183041
15666380 7861312
15666380 15661871
15666380 1183041
15666380 7861312
15666380 1183041
15666380 7861312
15666380 14824849
15666380 15439395
15666380 15661871
15666380 7861312
15666380 1183041
15666380 15439395
15666380 10350
15666380 1183041
15666380 10350
15666380 15661871
15666380 10350
15666380 15661871
15666380 7861312
15666380 15439395
15666380 15661871
15666380 10350
15666380 7861312
15666380 1183041
16583672 35918787
16583672 7081402
16583672 15666380
16583672 20106852
16583672 16908436
16583672 7081402
16583672 16908436
16583672 813286
16583672 16908436
16583672 813286
16583672 813286
16583672 16908436
35918787 15666380
35918787 18927441
35918787 16583672
35918787 123678437
35918787 16908436
35918787 1183041
35918787 14824849
35918787 20106852
35918787 7861312
35918787 7081402
18927441 35918787
18927441 16098603
18927441 21158690
18927441 16098603
18927441 16098603
18927441 21158690
18927441 16098603
18927441 16098603
18927441 21158690
18927441 16098603
18927441 21158690
18927441 16098603
18927441 21158690
18927441 16098603
18927441 21158690
18927441 16098603
18927441 21158690
18927441 16098603
18927441 21158690
18927441 16098603
18927441 21158690
18927441 21158690
18927441 21158690
18927441 16098603
18927441 16098603
16098603 18445879
16098603 15665127
16098603 21158690
16098603 7861312
16098603 20747847
16098603 15913
16098603 1183041
16098603 20747847
16098603 1183041
16098603 15913
16098603 7861312
16098603 21158690
16098603 7861312
16098603 15913
16098603 21158690
16098603 7861312
16098603 15913
16098603 15913
16098603 15913
16098603 15913
16098603 15913
16098603 15913
16098603 20747847
16098603 21158690
16098603 20747847
16098603 7861312
16098603 15913
16098603 15913
16098603 21158690
16098603 15913
16098603 15913
16098603 428333
16098603 7861312
16098603 18445879
16098603 15913
16098603 21158690
16098603 15913
16098603 7861312
18445879 18488495
18445879 15913
18445879 15666380
18445879 1183041
18445879 15661871
18445879 16098603
18445879 7861312
18445879 15913
18445879 15913
18445879 16098603
18445879 15666380
18445879 1183041
18445879 15913
18488495 7861312
18488495 20747847
18488495 15913
18488495 15661871
18488495 21158690
18488495 18445879
18488495 15666380
20747847 15665127
20747847 16098603
20747847 21158690
20747847 16098603
20747847 21158690
20747847 21158690
20747847 15665127
20747847 21158690
20747847 16098603
20747847 16098603
20747847 21158690
20747847 21158690
20747847 21158690
20747847 21158690
20747847 21158690
20747847 21158690
20747847 15665127
20747847 21158690
20747847 21158690
20747847 21158690
15665127 21158690
15665127 16098603
15665127 21158690
15665127 21158690
15665127 16098603
15665127 21158690
21158690 16908436
21158690 20747847
21158690 18927441
21158690 126042901
21158690 18927441
21158690 18927441
21158690 20747847
21158690 18927441
21158690 20747847
21158690 20747847
21158690 20747847
21158690 18927441
21158690 20747847
21158690 18927441
21158690 20747847
21158690 20747847
21158690 18927441
21158690 20747847
21158690 20747847
21158690 18927441
21158690 18927441
21158690 20747847
21158690 20747847
21158690 18927441
21158690 20747847
21158690 16908436
21158690 18927441
16908436 15439395
16908436 362286999
16908436 20106852
16908436 7861312
16908436 10350
16908436 15666380
16908436 7081402
16908436 16583672
16908436 1183041
16908436 1183041
16908436 362286999
16908436 16583672
16908436 7861312
16908436 7081402
16908436 7861312
16908436 10350
16908436 16583672
16908436 16583672
16908436 362286999
16908436 10350
16908436 1183041
16908436 15666380
16908436 7081402
20106852 35918787
20106852 16908436
20106852 16583672
20106852 123678437
20106852 7861312
20106852 21158690
20106852 7861312
20106852 21158690
20106852 7861312
20106852 7861312
20106852 21158690
20106852 7861312
20106852 123678437
123678437 126042901
123678437 20661527
123678437 1183041
123678437 7081402
123678437 15666380
123678437 7861312
123678437 16583672
123678437 10350
123678437 20106852
123678437 10350
123678437 20106852
123678437 7081402
123678437 15666380
123678437 7861312
126042901 7384432
126042901 21158690
126042901 1183041
126042901 10350
126042901 15913
126042901 7861312
126042901 14824849
126042901 20747847
126042901 7384432
126042901 7384432
126042901 7861312
126042901 1183041
126042901 7861312
126042901 7384432
126042901 7384432
126042901 1183041
126042901 7861312
126042901 7384432
126042901 7861312
126042901 1183041
126042901 7384432
126042901 7861312
126042901 15913
126042901 7384432
126042901 7861312
7384432 126042901
7384432 7861312
7384432 15913
7384432 15439395
7384432 15666380
7384432 1183041
7384432 126042901
7384432 7861312
7384432 126042901
7384432 7861312
7384432 126042901
7384432 1183041
7384432 126042901
7384432 7861312
7384432 7861312
7384432 126042901
7384432 7861312
7384432 15913
7384432 1183041
7384432 126042901
7384432 7861312
7384432 1183041
7384432 15439395
7384432 126042901
