17648193 8752622
17648193 61133
17648193 14112756
17648193 14335160
17648193 12491
17648193 12591
17648193 15736190
17648193 11628
17648193 13811562
17648193 7738402
17648193 15736190
17648193 61133
17648193 14112756
17648193 12591
17648193 7738402
17648193 13811562
8752622 12534
8752622 13811562
8752622 12491
8752622 61133
8752622 7552082
8752622 12591
8752622 5569522
8752622 12534
8752622 61133
8752622 13811562
8752622 12491
8752622 12534
8752622 12591
8752622 7552082
8752622 61133
8752622 5569522
12534 14112756
12534 14335160
12534 12591
12534 13811562
12534 4833
12534 12491
12534 13889622
12534 106418338
12534 15629200
12534 7738402
12534 8752622
12534 9655342
12534 7552082
12534 646533
12534 11628
12534 193563775
12534 60273
12534 12491
12534 13811562
12534 7738402
12534 8752622
12534 646533
12534 14335160
12534 13889622
12534 646533
12534 8752622
12534 4833
12534 9655342
12534 193563775
12534 14112756
12534 12591
12534 7738402
12534 7552082
12534 60273
12534 7738402
12534 14112756
12534 646533
12534 12591
12534 60273
12534 12491
12534 14112756
12534 12591
12534 4833
12534 7738402
12534 15439395
12534 60273
14112756 9655342
14112756 17648193
14112756 61133
14112756 60273
14112756 12591
14112756 7738402
14112756 7552082
14112756 12491
14112756 12534
14112756 13889622
14112756 14335160
14112756 13811562
14112756 15629200
14112756 15736190
14112756 646533
14112756 4833
14112756 106418338
14112756 15736190
14112756 7552082
14112756 13889622
14112756 12591
14112756 61133
14112756 646533
14112756 9655342
14112756 60273
14112756 7738402
14112756 14335160
14112756 4833
14112756 12534
14112756 61133
14112756 7738402
14112756 12591
14112756 60273
14112756 646533
14112756 12534
14112756 15736190
14112756 17648193
14112756 60273
14112756 15439395
14112756 12591
14112756 7738402
14112756 61133
14112756 4833
14112756 12534
9655342 11628
9655342 4833
9655342 12534
9655342 13811562
9655342 7738402
9655342 12591
9655342 15629200
9655342 646533
9655342 14112756
9655342 61133
9655342 60273
9655342 646533
9655342 61133
9655342 14112756
9655342 7738402
9655342 12591
9655342 60273
9655342 4833
9655342 12534
11628 14351575
11628 106418338
11628 13889622
11628 61133
11628 12491
11628 12534
11628 9655342
11628 646533
11628 40930287
11628 15629200
11628 17648193
11628 15736190
11628 4833
11628 18776131
11628 783214
11628 783214
14351575 4833
4833 11628
4833 14351575
4833 7738402
4833 13811562
4833 12534
4833 14335160
4833 60273
4833 7552082
4833 14112756
4833 61133
4833 40930287
4833 646533
4833 106418338
4833 12591
4833 12491
4833 15629200
4833 13889622
4833 14335160
4833 7738402
4833 646533
4833 12534
4833 60273
4833 14112756
4833 61133
4833 7552082
4833 12591
4833 13889622
4833 60273
4833 12591
4833 61133
4833 7738402
4833 14112756
4833 60273
4833 12591
4833 12534
7738402 12591
7738402 646533
7738402 60273
7738402 4833
7738402 61133
7738402 12534
7738402 13811562
7738402 15736190
7738402 193563775
7738402 14112756
7738402 646533
7738402 12534
7738402 13811562
7738402 61133
7738402 12591
7738402 60273
7738402 4833
7738402 15736190
7738402 14112756
7738402 646533
7738402 61133
7738402 12534
7738402 193563775
7738402 12591
7738402 60273
7738402 61133
7738402 646533
7738402 15736190
7738402 12534
7738402 14112756
7738402 646533
7738402 61133
7738402 13811562
7738402 12591
7738402 14112756
7738402 60273
7738402 4833
7738402 61133
7738402 12534
7738402 15439395
12591 5530472
12591 5569522
12591 193563775
12591 4833
12591 14112756
12591 646533
12591 15736190
12591 744313
12591 7738402
12591 61133
12591 13811562
12591 8752622
12591 17648193
12591 12534
12591 15629200
12591 13889622
12591 9655342
12591 12491
12591 5569522
12591 14112756
12591 15736190
12591 193563775
12591 4833
12591 13889622
12591 61133
12591 12534
12591 9655342
12591 646533
12591 7738402
12591 8752622
12591 4833
12591 12534
12591 7738402
12591 61133
12591 14112756
12591 646533
12591 15736190
12591 4833
12591 14112756
12591 7738402
12591 61133
12591 17648193
12591 12534
5530472 193563775
5530472 13889622
5530472 61133
5530472 60273
5530472 4833
5530472 12534
5530472 12591
5530472 646533
5530472 15736190
5530472 61133
5530472 646533
193563775 15629200
193563775 14112756
193563775 4833
193563775 60273
193563775 13811562
193563775 7738402
193563775 13889622
193563775 7552082
193563775 12534
193563775 12591
193563775 5569522
193563775 646533
193563775 5530472
193563775 60273
193563775 13889622
193563775 12591
193563775 5569522
193563775 14112756
193563775 7738402
193563775 12534
193563775 4833
193563775 7552082
193563775 646533
15629200 14112756
15629200 13889622
15629200 14335160
15629200 12491
15629200 12591
15629200 646533
15629200 7552082
15629200 61133
15629200 12534
15629200 11628
15629200 60273
15629200 4833
13889622 18776131
13889622 14335160
13889622 7552082
13889622 15736190
13889622 61133
13889622 12534
13889622 646533
13889622 7552082
13889622 12534
13889622 15736190
13889622 61133
13889622 646533
13889622 14335160
18776131 60273
18776131 14112756
18776131 12491
18776131 14335160
18776131 646533
18776131 11628
18776131 12534
18776131 4833
18776131 13889622
18776131 40930287
18776131 61133
18776131 60273
18776131 14112756
18776131 12534
18776131 4833
18776131 61133
60273 115485051
60273 61133
60273 7552082
60273 40930287
60273 646533
60273 4833
60273 106418338
60273 14335160
60273 14112756
60273 12534
60273 7552082
60273 4833
60273 61133
60273 14335160
60273 646533
60273 14112756
60273 12534
60273 61133
60273 4833
60273 115485051
60273 40930287
60273 61133
60273 646533
60273 14112756
60273 12534
60273 14112756
60273 4833
60273 61133
60273 12534
115485051 116485573
116485573 115485051
61133 744313
61133 14335160
61133 8752622
61133 12534
61133 4833
61133 40930287
61133 646533
61133 193563775
61133 12591
61133 17648193
61133 60273
61133 14351575
61133 7738402
61133 15629200
61133 11628
61133 13811562
61133 14112756
61133 15736190
61133 18776131
61133 12491
61133 5569522
61133 13889622
61133 106418338
61133 5530472
61133 7552082
61133 12534
61133 7738402
61133 8752622
61133 13811562
61133 646533
61133 12491
61133 783214
61133 193563775
61133 7738402
61133 13889622
61133 4833
61133 7552082
61133 5569522
61133 14335160
61133 8752622
61133 60273
61133 12534
61133 646533
61133 12591
61133 14112756
61133 15736190
61133 60273
61133 15736190
61133 783214
61133 12591
61133 646533
61133 14351575
61133 12534
61133 7738402
61133 40930287
61133 14112756
61133 15736190
61133 60273
61133 646533
61133 7738402
61133 5530472
61133 13811562
61133 12534
61133 17648193
61133 12534
61133 4833
61133 12591
61133 7738402
61133 60273
61133 14112756
61133 18776131
744313 646533
744313 12591
744313 5569522
744313 61133
744313 13889622
744313 13811562
744313 11628
744313 12534
744313 5569522
646533 106418338
646533 12491
646533 12534
646533 11628
646533 4833
646533 18776131
646533 13811562
646533 15629200
646533 40930287
646533 5530472
646533 60273
646533 14335160
646533 61133
646533 14112756
646533 12491
646533 13811562
646533 61133
646533 12534
646533 4833
646533 14335160
646533 12534
646533 61133
646533 60273
646533 14112756
646533 61133
646533 12534
646533 14112756
646533 60273
646533 40930287
646533 5530472
646533 61133
646533 1183041
646533 13811562
106418338 13889622
106418338 40930287
106418338 61133
106418338 12534
106418338 4833
106418338 60273
106418338 18776131
40930287 14351575
40930287 15629200
40930287 14335160
40930287 646533
40930287 7738402
40930287 12591
40930287 11628
40930287 14112756
40930287 13889622
40930287 12491
40930287 61133
40930287 106418338
40930287 12534
40930287 18776131
40930287 4833
40930287 60273
40930287 646533
40930287 7738402
40930287 14351575
40930287 14112756
40930287 61133
40930287 12591
40930287 60273
40930287 12534
40930287 12491
40930287 12534
14335160 7552082
14335160 13889622
14335160 40930287
14335160 60273
14335160 106418338
14335160 12534
14335160 61133
14335160 4833
14335160 646533
14335160 13811562
14335160 15736190
14335160 15629200
14335160 17648193
14335160 14112756
14335160 13889622
14335160 12534
14335160 646533
14335160 15736190
14335160 14112756
14335160 7552082
14335160 60273
14335160 61133
14335160 4833
7552082 13811562
7552082 4833
7552082 15629200
7552082 12534
7552082 14112756
7552082 646533
7552082 60273
7552082 8752622
7552082 14335160
7552082 61133
7552082 13889622
7552082 4833
7552082 14112756
7552082 14335160
7552082 12534
7552082 60273
7552082 8752622
7552082 61133
7552082 646533
7552082 13889622
13811562 5569522
13811562 12534
13811562 13889622
13811562 61133
13811562 193563775
13811562 60273
13811562 7552082
13811562 4833
13811562 14335160
13811562 8752622
13811562 12591
13811562 9655342
13811562 646533
13811562 14112756
13811562 15736190
13811562 7738402
13811562 12534
13811562 61133
13811562 8752622
13811562 646533
13811562 7738402
13811562 7738402
13811562 61133
13811562 646533
13811562 8752622
13811562 14335160
13811562 12534
13811562 4833
13811562 12591
13811562 61133
13811562 9655342
13811562 13889622
13811562 646533
13811562 14112756
13811562 7738402
13811562 15736190
13811562 60273
13811562 193563775
13811562 5569522
13811562 7552082
5569522 12491
5569522 15736190
5569522 8752622
5569522 12591
5569522 193563775
5569522 13811562
5569522 744313
5569522 61133
5569522 4833
5569522 8752622
5569522 12591
5569522 193563775
5569522 15736190
5569522 61133
5569522 4833
5569522 744313
12491 15736190
12491 7738402
12491 8752622
12491 5569522
12491 13889622
12491 13811562
12491 11628
12491 646533
12491 14112756
12491 12534
12491 4833
12491 61133
12491 17648193
12491 40930287
12491 15629200
12491 14335160
12491 12591
12491 646533
12491 7738402
12491 13811562
12491 61133
12491 12534
12491 8752622
12491 15736190
12491 40930287
12491 12534
15736190 783214
15736190 61133
15736190 13889622
15736190 60273
15736190 646533
15736190 17648193
15736190 14335160
15736190 12491
15736190 7738402
15736190 9655342
15736190 12534
15736190 18776131
15736190 13811562
15736190 4833
15736190 14335160
15736190 61133
15736190 646533
15736190 12534
15736190 13889622
15736190 60273
15736190 9655342
15736190 7738402
15736190 4833
15736190 17648193
15736190 783214
15736190 60273
15736190 61133
15736190 783214
15736190 7738402
15736190 12534
15736190 646533
15736190 61133
15736190 60273
15736190 783214
15736190 783214
15736190 12491
15736190 12534
15736190 783214
15736190 783214
783214 17874544
783214 17874544
783214 17874544
17874544 14803701
17874544 783214
17874544 783214
17874544 783214
17874544 783214
17874544 14803701
14803701 17193794
14803701 756278
14803701 15439395
14803701 15439395
14803701 20661527
14803701 15439395
17193794 15661911
17193794 756278
17193794 14803701
15661911 20660146
15661911 756278
15661911 17193794
15661911 15134782
20660146 756278
20660146 15134782
20660146 15661911
756278 15134782
756278 17193794
756278 15661911
756278 20660146
15134782 18713254
15134782 115485051
15134782 14803701
15134782 20660146
15134782 115485051
15134782 14824849
15134782 115485051
15134782 115485051
15134782 14824849
15134782 16098603
15134782 14824849
15134782 115485051
15134782 16098603
15134782 115485051
15134782 15736190
15134782 115485051
15134782 18713254
15134782 15439395
15134782 18713254
15134782 115485051
15134782 14803701
15134782 18713254
15134782 115485051
15134782 18713254
15134782 15439395
18713254 15227791
18713254 50374439
18713254 15666380
18713254 115485051
18713254 7861312
18713254 15439395
18713254 115485051
18713254 7861312
18713254 115485051
18713254 7861312
18713254 14824849
18713254 1183041
18713254 115485051
18713254 7861312
18713254 1183041
18713254 115485051
18713254 15661871
18713254 15439395
18713254 7861312
18713254 15227791
18713254 1183041
18713254 1183041
18713254 15661871
18713254 7861312
18713254 1183041
18713254 7081402
18713254 16786977
18713254 7861312
18713254 146290693
18713254 115485051
18713254 15661871
18713254 15439395
18713254 15666380
18713254 115485051
18713254 14824849
18713254 1183041
18713254 7861312
18713254 50374439
18713254 115485051
18713254 7081402
18713254 14824849
18713254 14824849
18713254 115485051
18713254 15661871
18713254 1183041
18713254 7861312
18713254 15661871
18713254 15439395
18713254 115485051
18713254 7861312
18713254 15227791
18713254 14824849
18713254 1183041
18713254 14824849
18713254 15227791
18713254 15439395
18713254 15439395
18713254 14803701
18713254 15227791
18713254 15666380
18713254 7861312
18713254 1183041
18713254 15227791
18713254 15661871
18713254 15227791
18713254 50374439
18713254 15439395
18713254 115485051
18713254 15666380
18713254 7861312
18713254 14824849
18713254 1183041
18713254 16786977
18713254 7861312
18713254 115485051
18713254 15661871
18713254 115485051
18713254 15661871
18713254 15439395
18713254 115485051
18713254 143244854
18713254 14803701
18713254 115485051
18713254 50374439
18713254 115485051
18713254 15666380
18713254 7081402
18713254 1183041
18713254 7861312
18713254 7861312
18713254 115485051
18713254 115485051
18713254 15661871
18713254 15666380
18713254 115485051
18713254 7861312
18713254 7081402
18713254 16786977
18713254 15439395
18713254 15661871
18713254 115485051
18713254 143244854
18713254 15666380
18713254 7081402
18713254 7861312
18713254 15439395
18713254 1183041
18713254 15439395
15227791 18713254
15227791 130339829
15227791 1183041
15227791 18713254
15227791 1183041
15227791 1183041
15227791 18713254
15227791 18713254
15227791 18713254
15227791 18713254
15227791 1183041
15227791 18713254
15227791 1183041
15227791 1183041
130339829 23027237
130339829 15227791
23027237 50374439
23027237 115485051
23027237 15666380
23027237 115485051
23027237 115485051
23027237 50374439
23027237 115485051
23027237 115485051
23027237 14824849
23027237 115485051
50374439 115485051
50374439 115485051
50374439 115485051
50374439 146290693
50374439 14824849
50374439 115485051
50374439 115485051
50374439 115485051
50374439 14824849
50374439 115485051
50374439 115485051
50374439 14824849
50374439 115485051
50374439 14824849
50374439 115485051
50374439 115485051
146290693 14824849
146290693 1183041
146290693 16583672
146290693 18713254
146290693 7081402
146290693 50374439
14824849 15439395
14824849 115485051
14824849 115485051
14824849 115485051
14824849 115485051
14824849 15439395
14824849 115485051
14824849 115485051
14824849 115485051
14824849 50374439
14824849 115485051
14824849 15439395
14824849 115485051
14824849 50374439
14824849 115485051
14824849 115485051
14824849 115485051
14824849 15439395
14824849 115485051
14824849 115485051
14824849 115485051
14824849 15439395
14824849 50374439
14824849 115485051
14824849 115485051
14824849 115485051
14824849 50374439
14824849 115485051
14824849 15439395
14824849 115485051
14824849 115485051
14824849 15439395
15439395 14824849
15439395 6572452
15439395 7081402
15439395 1183041
15439395 18713254
15439395 14824849
15439395 1183041
15439395 15227791
15439395 18713254
15439395 1183041
15439395 18713254
15439395 14824849
15439395 1183041
15439395 15227791
15439395 15227791
15439395 18713254
15439395 1183041
15439395 14824849
15439395 15227791
15439395 18713254
15439395 14803701
15439395 18713254
15439395 1183041
15439395 1183041
15439395 14824849
15439395 14803701
15439395 12534
15439395 7738402
15439395 1183041
15439395 14112756
15439395 1183041
15439395 14803701
15439395 18713254
15439395 15227791
15439395 1183041
15439395 50374439
15439395 14824849
15439395 1183041
15439395 18713254
15439395 18713254
15439395 1183041
15439395 18713254
15439395 7081402
15439395 6572452
15439395 1183041
15439395 14824849
15439395 18713254
6572452 19489341
6572452 7081402
6572452 15661871
6572452 20661527
6572452 15439395
6572452 15439395
6572452 7081402
6572452 18713254
6572452 15661871
19489341 6572452
19489341 20661527
20661527 18602163
20661527 7081402
20661527 16079941
20661527 15666380
20661527 23559552
20661527 6572452
20661527 16038438
20661527 1183041
20661527 172959279
20661527 19489341
20661527 123678437
20661527 1183041
20661527 15666380
20661527 23559552
20661527 16079941
20661527 14803701
20661527 172959279
18602163 7081402
18602163 7861312
18602163 16038438
18602163 20661527
18602163 15439395
18602163 1183041
7081402 143244854
7081402 15666380
7081402 126042901
7081402 16908436
7081402 7861312
7081402 35918787
7081402 362286999
7081402 123678437
7081402 172959279
7081402 18602163
7081402 60101131
7081402 390811153
7081402 10350
7081402 15661871
7081402 16038438
7081402 16786977
7081402 16583672
7081402 20661527
7081402 1183041
7081402 15439395
7081402 15134782
7081402 7861312
7081402 146290693
7081402 16583672
7081402 362286999
7081402 1183041
7081402 16908436
7081402 18713254
7081402 7861312
7081402 16786977
7081402 115485051
7081402 18713254
7081402 50374439
7081402 10350
7081402 7861312
7081402 1183041
7081402 1183041
7081402 10350
7081402 15661871
7081402 7861312
7081402 362286999
7081402 7861312
7081402 15666380
7081402 15661871
7081402 1183041
7081402 7861312
7081402 16786977
7081402 1183041
7081402 15666380
7081402 7861312
7081402 7861312
7081402 10350
7081402 362286999
7081402 15666380
7081402 16908436
7081402 18713254
7081402 10350
7081402 1183041
7081402 362286999
7081402 7861312
7081402 10350
7081402 1183041
7081402 15666380
7081402 115485051
7081402 783214
7081402 7861312
7081402 18713254
7081402 123678437
7081402 10350
7081402 15661871
7081402 16786977
7081402 15666380
7081402 15661871
7081402 362286999
7081402 1183041
7081402 18713254
7081402 7861312
7081402 60101131
7081402 10350
7081402 15439395
7081402 115485051
7081402 143244854
143244854 60101131
143244854 10350
143244854 15666380
143244854 16583672
143244854 16038438
143244854 15661871
143244854 1183041
143244854 14824849
143244854 7081402
143244854 60101131
143244854 10350
143244854 15661871
143244854 1183041
143244854 60101131
143244854 15661871
143244854 60101131
143244854 115485051
143244854 15661871
143244854 15666380
143244854 115485051
143244854 60101131
143244854 15661871
143244854 1183041
143244854 1183041
143244854 60101131
143244854 15661871
143244854 15666380
143244854 115485051
143244854 15661871
143244854 1183041
143244854 60101131
143244854 18713254
143244854 15661871
143244854 115485051
143244854 15666380
143244854 60101131
143244854 115485051
143244854 10350
143244854 15661871
143244854 60101131
143244854 10350
143244854 115485051
143244854 7081402
143244854 1183041
143244854 18713254
143244854 15666380
143244854 15661871
60101131 1183041
60101131 7081402
60101131 15661871
60101131 143244854
60101131 15666380
60101131 143244854
60101131 1183041
60101131 15661871
60101131 143244854
60101131 15661871
60101131 143244854
60101131 15661871
60101131 15666380
60101131 115485051
60101131 15661871
60101131 15661871
60101131 115485051
60101131 143244854
60101131 1183041
60101131 15666380
60101131 15661871
60101131 15666380
60101131 143244854
60101131 1183041
60101131 15661871
60101131 115485051
60101131 143244854
60101131 18713254
60101131 15661871
60101131 15666380
60101131 115485051
60101131 143244854
60101131 15661871
60101131 7081402
60101131 15666380
60101131 143244854
60101131 115485051
60101131 1183041
60101131 18713254
60101131 15661871
1183041 362286999
1183041 15666380
1183041 7081402
1183041 16908436
1183041 15661871
1183041 143244854
1183041 10350
1183041 7861312
1183041 15913
1183041 15913
1183041 15913
1183041 115485051
1183041 7861312
1183041 115485051
1183041 18713254
1183041 7861312
1183041 10350
1183041 115485051
1183041 18713254
1183041 10350
1183041 7861312
1183041 115485051
1183041 143244854
1183041 15661871
1183041 362286999
1183041 10350
1183041 7861312
1183041 115485051
1183041 15666380
1183041 362286999
1183041 10350
1183041 7861312
1183041 115485051
1183041 18713254
1183041 15661871
1183041 7861312
1183041 18713254
1183041 7861312
1183041 15661871
1183041 115485051
1183041 362286999
1183041 18713254
1183041 7861312
1183041 7081402
1183041 16908436
1183041 115485051
1183041 15661871
1183041 7861312
1183041 15666380
1183041 10350
1183041 15661871
1183041 7861312
1183041 7861312
1183041 115485051
1183041 18713254
1183041 15666380
1183041 15661871
1183041 7861312
1183041 7861312
1183041 15913
1183041 10350
1183041 7081402
1183041 7861312
1183041 18713254
1183041 7861312
1183041 143244854
1183041 15666380
1183041 115485051
1183041 15661871
1183041 15913
1183041 7861312
1183041 115485051
1183041 10350
1183041 15913
1183041 7861312
1183041 7861312
1183041 10350
1183041 7081402
1183041 7861312
1183041 15661871
1183041 115485051
1183041 15661871
1183041 18713254
1183041 7861312
1183041 7861312
1183041 7861312
1183041 15913
1183041 115485051
1183041 7861312
1183041 15666380
1183041 15661871
1183041 7081402
1183041 143244854
1183041 15666380
1183041 15913
1183041 7861312
1183041 15661871
1183041 115485051
1183041 10350
1183041 7861312
1183041 143244854
1183041 15661871
1183041 15913
1183041 7861312
1183041 15913
1183041 15666380
1183041 18713254
1183041 7861312
1183041 7081402
1183041 7861312
1183041 115485051
1183041 7861312
1183041 115485051
1183041 7861312
1183041 115485051
1183041 362286999
1183041 7861312
1183041 15666380
1183041 115485051
1183041 15661871
1183041 18713254
1183041 7861312
1183041 115485051
1183041 18713254
1183041 15666380
1183041 16908436
1183041 362286999
1183041 15913
1183041 10350
1183041 7081402
1183041 15661871
1183041 7861312
1183041 15661871
1183041 7861312
1183041 7861312
1183041 362286999
1183041 10350
1183041 7861312
1183041 7081402
1183041 7861312
1183041 15661871
1183041 18713254
1183041 10350
1183041 15666380
1183041 143244854
1183041 15913
1183041 7081402
1183041 115485051
1183041 362286999
1183041 7861312
1183041 115485051
1183041 15661871
1183041 10350
1183041 7861312
1183041 15661871
362286999 7861312
362286999 10350
362286999 16786977
362286999 1183041
362286999 7081402
362286999 15666380
362286999 7861312
362286999 16786977
362286999 1183041
362286999 10350
362286999 7861312
362286999 1183041
362286999 10350
362286999 15666380
362286999 7861312
362286999 16786977
362286999 1183041
362286999 7081402
362286999 7861312
362286999 7861312
362286999 7861312
362286999 7081402
362286999 7861312
362286999 1183041
362286999 1183041
362286999 10350
362286999 7081402
362286999 15666380
362286999 7861312
362286999 1183041
362286999 10350
362286999 7081402
362286999 1183041
362286999 7081402
362286999 10350
362286999 15666380
362286999 7861312
7861312 15913
7861312 15666380
7861312 1183041
7861312 21158690
7861312 18445879
7861312 362286999
7861312 7081402
7861312 10350
7861312 16908436
7861312 15913
7861312 15666380
7861312 18713254
7861312 7081402
7861312 18713254
7861312 1183041
7861312 21158690
7861312 18713254
7861312 1183041
7861312 10350
7861312 18713254
7861312 1183041
7861312 10350
7861312 362286999
7861312 10350
7861312 1183041
7861312 362286999
7861312 15666380
7861312 1183041
7861312 10350
7861312 18713254
7861312 1183041
7861312 18713254
7861312 1183041
7861312 362286999
7861312 7081402
7861312 18713254
7861312 1183041
7861312 16908436
7861312 362286999
7861312 15913
7861312 1183041
7861312 15666380
7861312 1183041
7861312 10350
7861312 15913
7861312 1183041
7861312 15913
7861312 362286999
7861312 18713254
7861312 10350
7861312 15913
7861312 15666380
7861312 1183041
7861312 1183041
7861312 15913
7861312 1183041
7861312 7081402
7861312 10350
7861312 18713254
7861312 1183041
7861312 21158690
7861312 15913
7861312 15666380
7861312 1183041
7861312 15913
7861312 10350
7861312 1183041
7861312 21158690
7861312 1183041
7861312 7081402
7861312 10350
7861312 1183041
7861312 362286999
7861312 7081402
7861312 18713254
7861312 1183041
7861312 1183041
7861312 1183041
7861312 21158690
7861312 15913
7861312 10350
7861312 1183041
7861312 15913
7861312 15666380
7861312 1183041
7861312 15913
7861312 21158690
7861312 15913
7861312 1183041
7861312 15913
7861312 1183041
7861312 15913
7861312 21158690
7861312 10350
7861312 15666380
7861312 18713254
7861312 1183041
7861312 21158690
7861312 10350
7861312 16908436
7861312 1183041
7861312 7081402
7861312 7081402
7861312 15666380
7861312 1183041
7861312 15913
7861312 10350
7861312 1183041
7861312 1183041
7861312 362286999
7861312 21158690
7861312 15666380
7861312 18713254
7861312 1183041
7861312 18713254
7861312 10350
7861312 10350
7861312 15913
7861312 7081402
7861312 10350
7861312 15913
7861312 18713254
7861312 21158690
7861312 18713254
7861312 1183041
7861312 1183041
7861312 1183041
7861312 362286999
7861312 10350
7861312 1183041
7861312 7081402
7861312 1183041
7861312 15913
7861312 15666380
7861312 18713254
7861312 7081402
7861312 10350
7861312 15913
7861312 18713254
7861312 362286999
7861312 15666380
7861312 1183041
7861312 7081402
7861312 10350
7861312 10350
7861312 1183041
7861312 7081402
7861312 21158690
7861312 15913
7861312 1183041
7861312 18445879
7861312 15666380
7861312 16908436
7861312 18713254
7861312 362286999
7861312 10350
15913 10350
15913 7861312
15913 7861312
15913 10350
15913 10350
15913 7861312
15913 7861312
15913 7861312
15913 7861312
15913 10350
15913 7861312
15913 7861312
15913 10350
15913 7861312
15913 10350
15913 10350
15913 7861312
15913 7861312
15913 7861312
15913 7861312
15913 7861312
15913 10350
15913 7861312
15913 10350
15913 10350
15913 7861312
15913 7861312
15913 10350
15913 7861312
15913 10350
15913 7861312
15913 10350
15913 7861312
10350 15661871
10350 143244854
10350 7861312
10350 16038438
10350 15913
10350 16908436
10350 1183041
10350 362286999
10350 15439395
10350 18666844
10350 60101131
10350 7081402
10350 15666380
10350 115485051
10350 15913
10350 15666380
10350 15913
10350 115485051
10350 1183041
10350 7861312
10350 115485051
10350 1183041
10350 7861312
10350 15439395
10350 15661871
10350 115485051
10350 143244854
10350 1183041
10350 362286999
10350 60101131
10350 15661871
10350 7861312
10350 115485051
10350 1183041
10350 362286999
10350 15666380
10350 7861312
10350 15666380
10350 1183041
10350 15661871
10350 7861312
10350 18666844
10350 7861312
10350 15913
10350 1183041
10350 7081402
10350 7861312
10350 115485051
10350 1183041
10350 15913
10350 15227791
10350 18666844
10350 7861312
10350 18666844
10350 15913
10350 15661871
10350 7081402
10350 7861312
10350 1183041
10350 15913
10350 7861312
10350 115485051
10350 1183041
10350 7861312
10350 15913
10350 115485051
10350 18666844
10350 16908436
10350 15661871
10350 7861312
10350 15913
10350 18666844
10350 7861312
10350 15913
10350 18666844
10350 7861312
10350 115485051
10350 7861312
10350 15661871
10350 7081402
10350 7861312
10350 15666380
10350 1183041
10350 15913
10350 16908436
10350 362286999
10350 7081402
10350 60101131
10350 143244854
10350 15666380
10350 15661871
10350 115485051
10350 15661871
10350 1183041
10350 362286999
10350 7081402
10350 7861312
10350 115485051
10350 15913
10350 7081402
10350 15666380
10350 15661871
10350 7861312
10350 15661871
10350 115485051
10350 15439395
10350 7081402
10350 15666380
10350 15913
10350 60101131
10350 143244854
10350 362286999
10350 1183041
10350 7861312
10350 115485051
10350 1183041
10350 15439395
10350 15661871
10350 7861312
10350 115485051
15661871 60101131
15661871 15666380
15661871 143244854
15661871 7861312
15661871 7861312
15661871 143244854
15661871 60101131
15661871 143244854
15661871 60101131
15661871 18713254
15661871 7861312
15661871 18713254
15661871 7861312
15661871 60101131
15661871 7861312
15661871 143244854
15661871 7861312
15661871 15666380
15661871 60101131
15661871 15666380
15661871 60101131
15661871 18713254
15661871 15666380
15661871 18713254
15661871 143244854
15661871 60101131
15661871 7861312
15661871 15666380
15661871 7861312
15661871 18713254
15661871 7861312
15661871 7861312
15661871 15666380
15661871 15666380
15661871 143244854
15661871 15666380
15661871 60101131
15661871 7861312
15661871 143244854
15661871 7861312
15661871 7861312
15661871 7861312
15661871 18713254
15661871 15666380
15661871 50374439
15661871 18713254
15661871 18713254
15661871 143244854
15661871 60101131
15661871 143244854
15661871 15666380
15661871 60101131
15661871 7861312
15661871 7861312
15661871 18713254
15661871 7861312
15661871 15666380
15661871 60101131
15661871 18713254
15661871 15666380
15661871 143244854
15661871 7861312
15666380 16583672
15666380 16038438
15666380 14824849
15666380 10350
15666380 15661871
15666380 7861312
15666380 15439395
15666380 1183041
15666380 14824849
15666380 18713254
15666380 50374439
15666380 115485051
15666380 7861312
15666380 23027237
15666380 14824849
15666380 10350
15666380 115485051
15666380 115485051
15666380 10350
15666380 7861312
15666380 1183041
15666380 15661871
15666380 10350
15666380 7861312
15666380 1183041
15666380 115485051
15666380 15661871
15666380 18713254
15666380 115485051
15666380 14824849
15666380 15439395
15666380 15661871
15666380 1183041
15666380 7861312
15666380 115485051
15666380 15661871
15666380 7861312
15666380 1183041
15666380 15661871
15666380 15661871
15666380 1183041
15666380 7861312
15666380 15661871
15666380 1183041
15666380 18713254
15666380 7861312
15666380 1183041
15666380 7861312
15666380 115485051
15666380 18713254
15666380 115485051
15666380 14824849
15666380 15439395
15666380 15661871
15666380 50374439
15666380 7861312
15666380 1183041
15666380 15439395
15666380 10350
15666380 18713254
15666380 1183041
15666380 10350
15666380 15661871
15666380 115485051
15666380 18713254
15666380 115485051
15666380 10350
15666380 15661871
15666380 7861312
15666380 15439395
15666380 15661871
15666380 18713254
15666380 115485051
15666380 10350
15666380 7861312
15666380 1183041
16583672 35918787
16583672 7081402
16583672 15666380
16583672 20106852
16583672 16908436
16583672 7081402
16583672 16908436
16583672 146290693
16583672 115485051
16583672 16908436
16583672 16908436
16583672 115485051
35918787 15666380
35918787 18927441
35918787 16786977
35918787 16583672
35918787 123678437
35918787 16908436
35918787 16038438
35918787 1183041
35918787 14824849
35918787 18501326
35918787 20106852
35918787 390811153
35918787 7861312
35918787 7081402
18927441 35918787
18927441 16098603
18927441 16909832
18927441 21158690
18927441 18501326
18927441 16098603
18927441 16098603
18927441 21158690
18927441 16098603
18927441 16098603
18927441 16909832
18927441 21158690
18927441 18501326
18927441 16098603
18927441 21158690
18927441 16098603
18927441 21158690
18927441 16098603
18927441 21158690
18927441 16098603
18927441 21158690
18927441 16098603
18927441 21158690
18927441 16098603
18927441 21158690
18927441 21158690
18927441 18501326
18927441 21158690
18927441 16098603
18927441 16098603
16098603 18445879
16098603 18666844
16098603 15665127
16098603 28202547
16098603 16079941
16098603 23559552
16098603 21158690
16098603 7861312
16098603 20747847
16098603 16038438
16098603 18849313
16098603 15913
16098603 1183041
16098603 14888584
16098603 16786977
16098603 20747847
16098603 18666844
16098603 1183041
16098603 14888584
16098603 15913
16098603 7861312
16098603 21158690
16098603 7861312
16098603 15913
16098603 16786977
16098603 21158690
16098603 16038438
16098603 7861312
16098603 15913
16098603 18666844
16098603 15913
16098603 15134782
16098603 14888584
16098603 23559552
16098603 15913
16098603 18666844
16098603 15913
16098603 18666844
16098603 18849313
16098603 15913
16098603 18666844
16098603 15913
16098603 20747847
16098603 21158690
16098603 20747847
16098603 16786977
16098603 7861312
16098603 15913
16098603 16079941
16098603 18666844
16098603 14888584
16098603 18849313
16098603 18666844
16098603 15913
16098603 18666844
16098603 15134782
16098603 16079941
16098603 21158690
16098603 15913
16098603 14888584
16098603 16786977
16098603 18666844
16098603 14888584
16098603 18666844
16098603 18666844
16098603 15913
16098603 18666844
16098603 7861312
16098603 18666844
16098603 18445879
16098603 16079941
16098603 14888584
16098603 15913
16098603 21158690
16098603 15913
16098603 7861312
18445879 18488495
18445879 15913
18445879 130897520
18445879 28202547
18445879 16909832
18445879 14888584
18445879 15666380
18445879 1183041
18445879 15661871
18445879 16098603
18445879 16786977
18445879 16038438
18445879 294430454
18445879 7861312
18445879 15913
18445879 15913
18445879 16098603
18445879 14888584
18445879 15666380
18445879 1183041
18445879 15913
18488495 7861312
18488495 20747847
18488495 16038438
18488495 15913
18488495 15661871
18488495 21158690
18488495 18445879
18488495 15666380
20747847 15665127
20747847 294430454
20747847 8207762
20747847 28202547
20747847 16098603
20747847 16909832
20747847 351671009
20747847 17047105
20747847 21158690
20747847 130897520
20747847 16098603
20747847 294430454
20747847 21158690
20747847 21158690
20747847 15665127
20747847 294430454
20747847 294430454
20747847 294430454
20747847 21158690
20747847 16098603
20747847 16098603
20747847 21158690
20747847 21158690
20747847 294430454
20747847 21158690
20747847 21158690
20747847 21158690
20747847 21158690
20747847 17047105
20747847 294430454
20747847 15665127
20747847 28202547
20747847 21158690
20747847 130897520
20747847 294430454
20747847 21158690
20747847 294430454
20747847 21158690
20747847 294430454
15665127 21158690
15665127 17047105
15665127 300599613
15665127 18501326
15665127 40340464
15665127 16098603
15665127 19507713
15665127 16909832
15665127 243058696
15665127 294430454
15665127 16038438
15665127 351671009
15665127 21158690
15665127 294430454
15665127 294430454
15665127 21158690
15665127 17047105
15665127 243058696
15665127 294430454
15665127 300599613
15665127 16098603
15665127 21158690
15665127 18501326
15665127 294430454
15665127 16038438
15665127 351671009
15665127 17047105
15665127 40340464
15665127 243058696
15665127 16909832
15665127 19507713
21158690 16908436
21158690 20747847
21158690 243058696
21158690 18927441
21158690 18501326
21158690 126042901
21158690 16909832
21158690 8207762
21158690 17047105
21158690 18927441
21158690 243058696
21158690 18501326
21158690 16909832
21158690 17047105
21158690 18501326
21158690 18927441
21158690 20747847
21158690 18927441
21158690 20747847
21158690 20747847
21158690 20747847
21158690 18927441
21158690 20747847
21158690 18927441
21158690 20747847
21158690 20747847
21158690 18927441
21158690 20747847
21158690 20747847
21158690 18927441
21158690 243058696
21158690 18927441
21158690 20747847
21158690 17047105
21158690 20747847
21158690 18927441
21158690 20747847
21158690 16908436
21158690 18927441
16908436 15439395
16908436 362286999
16908436 20106852
16908436 7861312
16908436 10350
16908436 15666380
16908436 7081402
16908436 16583672
16908436 1183041
16908436 1183041
16908436 362286999
16908436 16583672
16908436 7861312
16908436 18713254
16908436 7081402
16908436 7861312
16908436 10350
16908436 16583672
16908436 115485051
16908436 18713254
16908436 16583672
16908436 362286999
16908436 10350
16908436 18713254
16908436 1183041
16908436 15666380
16908436 7081402
20106852 35918787
20106852 16908436
20106852 16583672
20106852 123678437
20106852 7861312
20106852 15271920
20106852 21158690
20106852 16786977
20106852 7861312
20106852 21158690
20106852 7861312
20106852 16786977
20106852 7861312
20106852 21158690
20106852 16786977
20106852 7861312
20106852 123678437
20106852 16786977
123678437 126042901
123678437 20661527
123678437 1183041
123678437 172959279
123678437 7081402
123678437 15666380
123678437 7861312
123678437 16583672
123678437 10350
123678437 15758036
123678437 20106852
123678437 10350
123678437 20106852
123678437 7081402
123678437 15666380
123678437 7861312
123678437 115485051
126042901 7384432
126042901 21158690
126042901 1183041
126042901 10350
126042901 8207762
126042901 15913
126042901 7861312
126042901 16038438
126042901 18666844
126042901 16786977
126042901 14824849
126042901 20747847
126042901 7384432
126042901 7384432
126042901 7861312
126042901 1183041
126042901 7861312
126042901 7384432
126042901 7384432
126042901 1183041
126042901 7861312
126042901 7384432
126042901 7861312
126042901 18666844
126042901 1183041
126042901 7384432
126042901 7861312
126042901 15913
126042901 7384432
126042901 7861312
7384432 126042901
7384432 172959279
7384432 7861312
7384432 15913
7384432 15439395
7384432 15666380
7384432 1183041
7384432 126042901
7384432 7861312
7384432 126042901
7384432 7861312
7384432 126042901
7384432 1183041
7384432 126042901
7384432 7861312
7384432 7861312
7384432 126042901
7384432 7861312
7384432 15913
7384432 1183041
7384432 126042901
7384432 7861312
7384432 1183041
7384432 18713254
7384432 15439395
7384432 126042901
172959279 126042901
172959279 15758036
172959279 7861312
172959279 15666380
172959279 123678437
172959279 7081402
172959279 1183041
172959279 20106852
172959279 10350
172959279 7384432
172959279 15661871
172959279 16583672
172959279 20661527
172959279 16908436
172959279 16786977
172959279 7861312
172959279 115485051
172959279 115485051
172959279 7861312
172959279 10350
172959279 16583672
172959279 20661527
172959279 16908436
172959279 16786977
172959279 15661871
15758036 9955652
15758036 10350
15758036 7081402
15758036 172959279
15758036 1183041
15758036 16038438
15758036 7861312
15758036 294430454
15758036 17047105
15758036 123678437
15758036 126042901
15758036 351671009
15758036 14824849
15758036 20747847
15758036 8207762
15758036 28202547
15758036 21158690
9955652 20747847
9955652 40340464
9955652 16786977
9955652 21158690
9955652 16038438
40340464 33087222
40340464 21158690
40340464 28202547
40340464 9955652
40340464 130897520
40340464 243058696
40340464 15665127
40340464 16038438
40340464 1183041
40340464 351671009
40340464 7861312
40340464 15913
40340464 294430454
40340464 19507713
40340464 17047105
40340464 362286999
40340464 15666380
40340464 21158690
40340464 243058696
40340464 351671009
40340464 16038438
40340464 19507713
40340464 17047105
40340464 294430454
33087222 17047105
33087222 16038438
33087222 130897520
33087222 294430454
33087222 300599613
33087222 28202547
33087222 351671009
33087222 40340464
33087222 23559552
33087222 21158690
33087222 243058696
33087222 20747847
17047105 23559552
17047105 15666380
17047105 40340464
17047105 243058696
17047105 28202547
17047105 1183041
17047105 10350
17047105 351671009
17047105 294430454
17047105 16038438
17047105 7861312
17047105 15913
17047105 15665127
17047105 33087222
17047105 130897520
17047105 16909832
17047105 18666844
17047105 18501326
17047105 294430454
17047105 351671009
17047105 16038438
17047105 16909832
17047105 243058696
17047105 18501326
17047105 40340464
17047105 18713254
17047105 28202547
17047105 294430454
17047105 15913
17047105 28202547
17047105 243058696
17047105 15665127
17047105 130897520
23559552 16079941
23559552 33087222
23559552 18849313
23559552 21158690
23559552 294430454
23559552 16038438
23559552 300599613
23559552 20747847
23559552 20661527
23559552 16098603
23559552 17047105
23559552 18849313
23559552 21158690
23559552 20661527
23559552 16098603
16079941 7861312
16079941 21158690
16079941 18849313
16079941 10350
16079941 16908436
16079941 16038438
16079941 23559552
16079941 16583672
16079941 18666844
16079941 16098603
16079941 19507713
16079941 16786977
16079941 20661527
16079941 15913
16079941 16909832
16079941 18666844
16079941 7861312
16079941 16786977
16079941 15913
16079941 10350
16079941 7861312
16079941 18666844
16079941 15913
16079941 16098603
16079941 20661527
16079941 16098603
16079941 21158690
16079941 18666844
16079941 16786977
16079941 10350
16079941 15913
16079941 15913
16079941 16098603
16079941 18666844
16079941 7861312
16079941 18666844
18849313 14888584
18849313 15913
18849313 18927441
18849313 23559552
18849313 16079941
18849313 16098603
18849313 15913
18849313 18927441
18849313 23559552
18849313 14888584
18849313 15913
18849313 18927441
18849313 18927441
18849313 15913
18849313 15913
18849313 16098603
18849313 15913
18849313 18927441
18849313 16098603
18849313 15913
18849313 115485051
18849313 15913
14888584 18849313
14888584 18666844
14888584 18445879
14888584 16098603
14888584 18666844
14888584 16098603
14888584 18849313
14888584 16098603
14888584 16098603
14888584 18666844
14888584 18666844
14888584 15134782
14888584 16098603
14888584 16098603
14888584 18666844
14888584 16098603
14888584 18445879
18666844 15666380
18666844 294430454
18666844 15661871
18666844 15913
18666844 16098603
18666844 17047105
18666844 7861312
18666844 10350
18666844 126042901
18666844 16079941
18666844 1183041
18666844 14888584
18666844 15439395
18666844 16098603
18666844 15913
18666844 1183041
18666844 14888584
18666844 15913
18666844 294430454
18666844 15913
18666844 15913
18666844 7861312
18666844 115485051
18666844 115485051
18666844 15913
18666844 15661871
18666844 15913
18666844 7861312
18666844 16079941
18666844 16098603
18666844 15913
18666844 7861312
18666844 18713254
18666844 10350
18666844 15666380
18666844 15913
18666844 7861312
18666844 115485051
18666844 15913
18666844 7861312
18666844 1183041
18666844 10350
18666844 15913
18666844 16098603
18666844 15913
18666844 16098603
18666844 15913
18666844 10350
18666844 15913
18666844 15913
18666844 7861312
18666844 16079941
18666844 15666380
18666844 1183041
18666844 15661871
18666844 16098603
18666844 15913
18666844 7861312
18666844 15913
18666844 1183041
18666844 126042901
18666844 15661871
18666844 15913
18666844 16098603
18666844 14888584
18666844 10350
18666844 115485051
18666844 16098603
18666844 15913
18666844 14888584
18666844 16098603
18666844 15913
18666844 10350
18666844 16079941
18666844 16098603
18666844 16098603
18666844 16098603
18666844 15913
18666844 10350
18666844 16098603
18666844 7861312
18666844 15913
18666844 16079941
18666844 14888584
18666844 16098603
18666844 18713254
18666844 7861312
18666844 16079941
18666844 15913
294430454 19507713
294430454 17047105
294430454 20747847
294430454 16038438
294430454 130897520
294430454 14824849
294430454 8207762
294430454 15665127
294430454 1183041
294430454 243058696
294430454 21158690
294430454 18501326
294430454 28202547
294430454 16909832
294430454 21158690
294430454 15665127
294430454 20747847
294430454 19507713
294430454 17047105
294430454 16038438
294430454 243058696
294430454 21158690
294430454 18501326
294430454 16909832
294430454 15665127
294430454 20747847
294430454 20747847
294430454 20747847
294430454 16038438
294430454 21158690
294430454 20747847
294430454 21158690
294430454 17047105
294430454 20747847
294430454 130897520
294430454 15665127
294430454 243058696
294430454 21158690
294430454 28202547
294430454 20747847
294430454 21158690
294430454 20747847
294430454 21158690
294430454 20747847
19507713 317846921
19507713 16909832
19507713 243058696
19507713 18927441
19507713 351671009
19507713 15665127
19507713 16079941
19507713 130897520
19507713 8207762
19507713 300599613
19507713 15271920
19507713 40340464
19507713 294430454
19507713 16038438
19507713 28202547
19507713 243058696
19507713 16909832
19507713 294430454
19507713 40340464
19507713 351671009
19507713 300599613
19507713 16038438
317846921 130897520
317846921 20106852
317846921 294430454
317846921 16786977
317846921 7861312
317846921 20747847
317846921 18927441
317846921 143244854
317846921 19507713
317846921 21158690
317846921 351671009
317846921 28202547
317846921 16038438
317846921 15271920
130897520 7861312
130897520 16909832
130897520 15913
130897520 20747847
130897520 18501326
130897520 16038438
130897520 243058696
130897520 18445879
130897520 40340464
130897520 21158690
130897520 18927441
130897520 15271920
130897520 28202547
130897520 17047105
130897520 20106852
130897520 294430454
130897520 15665127
130897520 300599613
130897520 8207762
130897520 19507713
130897520 351671009
130897520 243058696
130897520 20747847
130897520 21158690
130897520 18927441
130897520 28202547
130897520 15913
130897520 294430454
130897520 15665127
130897520 17047105
16909832 18501326
16909832 28202547
16909832 15665127
16909832 130897520
16909832 7861312
16909832 351671009
16909832 16079941
16909832 18445879
16909832 15913
16909832 243058696
16909832 16038438
16909832 8207762
16909832 15271920
16909832 294430454
16909832 20106852
16909832 21158690
16909832 19507713
16909832 18927441
16909832 300599613
16909832 20747847
16909832 18927441
16909832 15913
16909832 18501326
16909832 351671009
16909832 19507713
16909832 300599613
16909832 243058696
16909832 294430454
16909832 16038438
16909832 21158690
18501326 243058696
18501326 16038438
18501326 294430454
18501326 10350
18501326 14824849
18501326 130897520
18501326 28202547
18501326 300599613
18501326 15665127
18501326 21158690
18501326 243058696
18501326 16038438
18501326 294430454
18501326 300599613
18501326 21158690
18501326 21158690
18501326 115485051
243058696 300599613
243058696 294430454
243058696 18501326
243058696 20747847
243058696 16038438
243058696 8207762
243058696 7861312
243058696 21158690
243058696 351671009
243058696 28202547
243058696 15665127
243058696 130897520
243058696 300599613
243058696 294430454
243058696 351671009
243058696 18501326
243058696 16038438
243058696 21158690
243058696 294430454
243058696 20747847
243058696 21158690
243058696 28202547
243058696 130897520
243058696 15665127
300599613 16909832
300599613 28202547
300599613 15665127
300599613 21158690
300599613 243058696
300599613 19507713
300599613 294430454
300599613 130897520
300599613 16038438
300599613 18501326
300599613 294430454
300599613 21158690
300599613 16909832
300599613 243058696
300599613 19507713
300599613 294430454
300599613 16038438
300599613 18501326
300599613 21158690
28202547 8207762
28202547 130897520
28202547 15271920
28202547 18501326
28202547 15439395
28202547 15913
28202547 17047105
28202547 294430454
28202547 21158690
28202547 15913
28202547 17047105
28202547 130897520
28202547 21158690
28202547 15439395
28202547 15913
28202547 17047105
28202547 294430454
8207762 1183041
8207762 351671009
8207762 7861312
8207762 16038438
8207762 28202547
8207762 21158690
8207762 16909832
8207762 18927441
8207762 15271920
8207762 20106852
8207762 19507713
8207762 294430454
8207762 15665127
8207762 20747847
8207762 15913
8207762 7081402
8207762 130897520
351671009 15271920
351671009 40340464
351671009 20747847
351671009 16038438
351671009 15665127
351671009 300599613
351671009 15439395
351671009 17047105
351671009 21158690
351671009 243058696
351671009 19507713
351671009 130897520
351671009 16909832
351671009 28202547
351671009 294430454
351671009 14824849
351671009 40340464
351671009 16038438
351671009 300599613
351671009 17047105
351671009 21158690
351671009 16909832
351671009 243058696
351671009 19507713
351671009 294430454
15271920 16786977
15271920 19507713
15271920 8207762
15271920 21158690
15271920 362286999
15271920 28202547
15271920 16038438
15271920 130897520
15271920 20106852
15271920 7861312
15271920 1183041
15271920 16909832
15271920 351671009
15271920 16786977
15271920 21158690
15271920 21158690
15271920 362286999
15271920 115485051
15271920 7861312
15271920 1183041
16786977 16900044
16900044 16786977
16038438 390811153
16038438 15271920
16038438 18445879
16038438 19507713
16038438 20747847
16038438 16583672
16038438 18927441
16038438 7081402
16038438 16908436
16038438 17047105
16038438 10350
16038438 21158690
16038438 15913
16038438 16786977
16038438 143244854
16038438 33087222
16038438 300599613
16038438 7861312
16038438 16079941
16038438 317846921
16038438 35918787
16038438 40340464
16038438 15661871
16038438 8207762
16038438 60101131
16038438 9955652
16038438 15666380
16038438 362286999
16038438 20106852
16038438 23559552
16038438 243058696
16038438 16909832
16038438 126042901
16038438 172959279
16038438 18666844
16038438 18501326
16038438 294430454
16038438 130897520
16038438 18602163
16038438 16098603
16038438 15758036
16038438 351671009
16038438 1183041
16038438 15665127
16038438 21158690
16038438 19507713
16038438 17047105
16038438 351671009
16038438 300599613
16038438 40340464
16038438 243058696
16038438 16909832
16038438 18501326
16038438 294430454
16038438 16098603
16038438 21158690
16038438 20747847
16038438 294430454
390811153 16038438
390811153 16786977
