44473103 55033682
44473103 2367911
44473103 40981798
44473103 40981798
44473103 55033682
44473103 55033682
44473103 40981798
44473103 40981798
44473103 40981798
44473103 14925700
44473103 40981798
44473103 2367911
44473103 19081001
44473103 40981798
44473103 55033682
44473103 40981798
44473103 2367911
44473103 40981798
44473103 40981798
44473103 40981798
44473103 40981798
44473103 55033682
44473103 40981798
44473103 55033682
44473103 40981798
44473103 40981798
44473103 2367911
44473103 40981798
44473103 40981798
55033682 2367911
55033682 44473103
55033682 2367911
55033682 44473103
55033682 44473103
55033682 44473103
55033682 2367911
55033682 44473103
55033682 2367911
55033682 44473103
2367911 314316607
2367911 17627996
2367911 55033682
2367911 17868918
2367911 40981798
2367911 430313102
2367911 14925700
2367911 31331740
2367911 14824849
2367911 55033682
2367911 44473103
2367911 314316607
2367911 17868918
2367911 40981798
2367911 430313102
2367911 31331740
2367911 14925700
2367911 314316607
2367911 17868918
2367911 40981798
2367911 31331740
2367911 14925700
2367911 17868918
2367911 40981798
2367911 31331740
2367911 40981798
2367911 17868918
2367911 16264006
2367911 40981798
2367911 31331740
2367911 813286
2367911 17868918
2367911 14925700
2367911 17868918
2367911 40981798
2367911 31331740
2367911 14925700
2367911 44473103
2367911 17868918
2367911 40981798
2367911 31331740
2367911 14925700
2367911 314316607
2367911 17627996
2367911 17868918
2367911 40981798
2367911 430313102
2367911 31331740
2367911 14925700
2367911 813286
2367911 15846407
2367911 314316607
2367911 17868918
2367911 40981798
2367911 430313102
2367911 31331740
2367911 314316607
2367911 31331740
2367911 40981798
2367911 17868918
2367911 14925700
2367911 314316607
2367911 40981798
2367911 17868918
2367911 314316607
2367911 31331740
2367911 40981798
2367911 17868918
2367911 17868918
2367911 40981798
2367911 314316607
2367911 55033682
2367911 31331740
2367911 40981798
2367911 17868918
2367911 44473103
2367911 314316607
2367911 17868918
2367911 40981798
2367911 31331740
2367911 17868918
2367911 40981798
2367911 430313102
2367911 31331740
2367911 31331740
2367911 40981798
2367911 314316607
2367911 31331740
2367911 40981798
2367911 17868918
2367911 40981798
2367911 31331740
2367911 15846407
2367911 17868918
2367911 40981798
2367911 31331740
2367911 55033682
2367911 44473103
314316607 430313102
314316607 131613362
314316607 31331740
314316607 22462180
314316607 123371682
314316607 17868918
314316607 276577539
314316607 8088112
314316607 248883350
314316607 437804658
314316607 40981798
314316607 157829215
314316607 280935165
314316607 100581193
314316607 2367911
314316607 430313102
314316607 31331740
314316607 22462180
314316607 123371682
314316607 17868918
314316607 276577539
314316607 8088112
314316607 40981798
314316607 131613362
314316607 280935165
314316607 430313102
314316607 31331740
314316607 17868918
314316607 22462180
314316607 123371682
314316607 2367911
314316607 8088112
314316607 40981798
314316607 157829215
314316607 280935165
314316607 31331740
314316607 22462180
314316607 123371682
314316607 2367911
314316607 17868918
314316607 276577539
314316607 8088112
314316607 248883350
314316607 40981798
314316607 157829215
314316607 280935165
314316607 430313102
314316607 31331740
314316607 22462180
314316607 123371682
314316607 17868918
314316607 248883350
314316607 40981798
314316607 157829215
314316607 280935165
314316607 430313102
314316607 40981798
314316607 22462180
314316607 123371682
314316607 17868918
314316607 157829215
314316607 8088112
314316607 280935165
314316607 31331740
314316607 430313102
314316607 40981798
314316607 131613362
314316607 31331740
314316607 17868918
314316607 22462180
314316607 280935165
314316607 430313102
314316607 31331740
314316607 22462180
314316607 123371682
314316607 17868918
314316607 8088112
314316607 248883350
314316607 40981798
314316607 157829215
314316607 280935165
314316607 2367911
314316607 430313102
314316607 131613362
314316607 31331740
314316607 123371682
314316607 276577539
314316607 8088112
314316607 40981798
314316607 22462180
314316607 2367911
314316607 157829215
314316607 280935165
314316607 17868918
314316607 437804658
314316607 40981798
314316607 22462180
314316607 123371682
314316607 17868918
314316607 131613362
314316607 157829215
314316607 8088112
314316607 31331740
314316607 280935165
314316607 2367911
314316607 40981798
314316607 22462180
314316607 8088112
314316607 100581193
314316607 248883350
314316607 131613362
314316607 276577539
314316607 2367911
314316607 157829215
314316607 280935165
314316607 17868918
314316607 40981798
314316607 22462180
314316607 123371682
314316607 2367911
314316607 131613362
314316607 157829215
314316607 31331740
314316607 280935165
314316607 17868918
314316607 22462180
314316607 40981798
314316607 123371682
314316607 280935165
314316607 131613362
314316607 276577539
314316607 22462180
314316607 17868918
314316607 8088112
314316607 40981798
314316607 157829215
314316607 280935165
314316607 100581193
314316607 2367911
314316607 40981798
314316607 22462180
314316607 17868918
314316607 131613362
314316607 157829215
314316607 8088112
314316607 31331740
314316607 22462180
314316607 280935165
314316607 276577539
314316607 248883350
314316607 437804658
314316607 40981798
314316607 100581193
314316607 31331740
314316607 22462180
314316607 2367911
314316607 17868918
314316607 8088112
314316607 248883350
314316607 40981798
314316607 157829215
314316607 280935165
314316607 100581193
314316607 430313102
314316607 22462180
314316607 123371682
314316607 17868918
314316607 131613362
314316607 8088112
314316607 280935165
314316607 31331740
314316607 40981798
314316607 22462180
314316607 123371682
314316607 17868918
314316607 131613362
314316607 157829215
314316607 8088112
314316607 40981798
314316607 22462180
314316607 123371682
314316607 2367911
314316607 17868918
314316607 131613362
314316607 157829215
314316607 31331740
314316607 280935165
314316607 276577539
314316607 2367911
314316607 280935165
314316607 8088112
314316607 31331740
314316607 100581193
314316607 248883350
314316607 430313102
314316607 22462180
314316607 437804658
314316607 17868918
314316607 40981798
314316607 123371682
314316607 131613362
314316607 157829215
430313102 17868918
430313102 31331740
430313102 131613362
430313102 123371682
430313102 314316607
430313102 2367911
430313102 280935165
430313102 157829215
430313102 40981798
430313102 22462180
430313102 17868918
430313102 31331740
430313102 131613362
430313102 123371682
430313102 314316607
430313102 280935165
430313102 40981798
430313102 22462180
430313102 17868918
430313102 31331740
430313102 123371682
430313102 2367911
430313102 280935165
430313102 157829215
430313102 40981798
430313102 22462180
430313102 314316607
430313102 17868918
430313102 31331740
430313102 123371682
430313102 314316607
430313102 280935165
430313102 157829215
430313102 40981798
430313102 22462180
430313102 280935165
430313102 40981798
430313102 17868918
430313102 31331740
430313102 314316607
430313102 157829215
430313102 123371682
430313102 22462180
430313102 280935165
430313102 40981798
430313102 314316607
430313102 17868918
430313102 31331740
430313102 131613362
430313102 22462180
430313102 17868918
430313102 31331740
430313102 2367911
430313102 123371682
430313102 280935165
430313102 157829215
430313102 40981798
430313102 314316607
430313102 22462180
430313102 17868918
430313102 31331740
430313102 131613362
430313102 123371682
430313102 314316607
430313102 2367911
430313102 280935165
430313102 157829215
430313102 40981798
430313102 22462180
430313102 40981798
430313102 157829215
430313102 123371682
430313102 22462180
430313102 17868918
430313102 31331740
430313102 131613362
430313102 123371682
430313102 280935165
430313102 157829215
430313102 2367911
430313102 40981798
430313102 22462180
430313102 280935165
430313102 314316607
430313102 17868918
430313102 31331740
430313102 131613362
430313102 123371682
430313102 22462180
430313102 17868918
430313102 314316607
430313102 123371682
430313102 131613362
430313102 157829215
430313102 2367911
430313102 40981798
430313102 280935165
430313102 31331740
430313102 22462180
17868918 31331740
17868918 8088112
17868918 17759158
17868918 40981798
17868918 22462180
17868918 55033682
17868918 40981798
17868918 55033682
17868918 31331740
17868918 22462180
17868918 8088112
17868918 40981798
17868918 31331740
17868918 16264006
17868918 31331740
17868918 8088112
17868918 40981798
17868918 22462180
17868918 17759158
17868918 16264006
17868918 8088112
17868918 31331740
17868918 22462180
17868918 40981798
17868918 17759158
17868918 22462180
17868918 31331740
17868918 8088112
17868918 40981798
17868918 17759158
17868918 31331740
17868918 22462180
17868918 40981798
17868918 55033682
17868918 31331740
17868918 40981798
17868918 22462180
17868918 8088112
17868918 31331740
17868918 22462180
17868918 40981798
17868918 17759158
17868918 40981798
17868918 22462180
17868918 8088112
17868918 40981798
17868918 22462180
17868918 31331740
17868918 8088112
17868918 40981798
17868918 22462180
17868918 40981798
17868918 16264006
17868918 31331740
17868918 22462180
17868918 40981798
17868918 22462180
17868918 40981798
17868918 31331740
17868918 8088112
17868918 22462180
17868918 17759158
17868918 40981798
17868918 22462180
17868918 8088112
17868918 40981798
17868918 31331740
17868918 22462180
17868918 17759158
17868918 8088112
17868918 31331740
17868918 40981798
17868918 22462180
17868918 31331740
17868918 22462180
17868918 17759158
17868918 40981798
17868918 8088112
17868918 31331740
17868918 22462180
17868918 40981798
17868918 17759158
17868918 8088112
17868918 31331740
17868918 40981798
17868918 22462180
17868918 55033682
17868918 8088112
17868918 31331740
17868918 22462180
17868918 40981798
17868918 40981798
17868918 31331740
17868918 22462180
17868918 8088112
17868918 40981798
17868918 22462180
17868918 8088112
17868918 40981798
17868918 31331740
17868918 22462180
17868918 40981798
17868918 31331740
17868918 22462180
17868918 8088112
17868918 8088112
17868918 40981798
17868918 22462180
17868918 40981798
17868918 22462180
17868918 8088112
17868918 40981798
17868918 55033682
17868918 22462180
17868918 31331740
17868918 8088112
17868918 31331740
17868918 22462180
17868918 40981798
17868918 40981798
17868918 31331740
17868918 22462180
17868918 31331740
17868918 40981798
17868918 8088112
17868918 22462180
17868918 17759158
17868918 22462180
17868918 31331740
17868918 8088112
17868918 40981798
17868918 17759158
17868918 22462180
17868918 8088112
17868918 40981798
17868918 31331740
17868918 22462180
17868918 40981798
17868918 22462180
17868918 40981798
17868918 17759158
17868918 31331740
17868918 55033682
17868918 22462180
17868918 8088112
17868918 40981798
17868918 22462180
17868918 31331740
17868918 40981798
17868918 8088112
17868918 22462180
17868918 17759158
17868918 40981798
17868918 31331740
17868918 22462180
17868918 8088112
31331740 17759158
31331740 22462180
31331740 8088112
31331740 40981798
31331740 22462180
31331740 40981798
31331740 8088112
31331740 16264006
31331740 40981798
31331740 17759158
31331740 22462180
31331740 8088112
31331740 40981798
31331740 17759158
31331740 22462180
31331740 40981798
31331740 22462180
31331740 40981798
31331740 17759158
31331740 22462180
31331740 8088112
31331740 40981798
31331740 17759158
31331740 22462180
31331740 8088112
31331740 40981798
31331740 22462180
31331740 40981798
31331740 8088112
31331740 22462180
31331740 40981798
31331740 22462180
31331740 40981798
31331740 22462180
31331740 40981798
31331740 22462180
31331740 40981798
31331740 17759158
31331740 22462180
31331740 8088112
31331740 40981798
31331740 22462180
31331740 40981798
31331740 8088112
31331740 16264006
31331740 22462180
31331740 40981798
31331740 22462180
31331740 40981798
31331740 17759158
31331740 22462180
31331740 8088112
31331740 40981798
31331740 17759158
31331740 40981798
31331740 22462180
31331740 22462180
31331740 8088112
31331740 40981798
31331740 17759158
31331740 22462180
31331740 40981798
31331740 17759158
31331740 22462180
31331740 8088112
31331740 40981798
31331740 22462180
31331740 40981798
31331740 8088112
31331740 22462180
31331740 8088112
31331740 40981798
31331740 22462180
31331740 8088112
31331740 40981798
31331740 22462180
31331740 40981798
31331740 8088112
31331740 22462180
31331740 40981798
31331740 8088112
31331740 40981798
31331740 8088112
31331740 22462180
31331740 22462180
31331740 40981798
31331740 22462180
31331740 40981798
31331740 22462180
31331740 40981798
31331740 8088112
31331740 22462180
31331740 40981798
31331740 8088112
31331740 22462180
31331740 40981798
31331740 22462180
31331740 40981798
31331740 22462180
31331740 8088112
31331740 40981798
31331740 22462180
31331740 40981798
31331740 40981798
31331740 22462180
31331740 22462180
31331740 8088112
31331740 40981798
31331740 22462180
31331740 40981798
31331740 8088112
31331740 17759158
31331740 22462180
31331740 8088112
31331740 22462180
31331740 40981798
31331740 17759158
31331740 22462180
31331740 40981798
31331740 8088112
31331740 22462180
31331740 40981798
31331740 8088112
31331740 17759158
31331740 22462180
31331740 40981798
31331740 8088112
31331740 22462180
31331740 40981798
31331740 8088112
31331740 40981798
31331740 22462180
31331740 22462180
31331740 40981798
31331740 17759158
31331740 22462180
31331740 40981798
31331740 8088112
17759158 22462180
17759158 40981798
17759158 8088112
17759158 14925700
17759158 31331740
17759158 17868918
17759158 14925700
17759158 22462180
17759158 40981798
17759158 8088112
17759158 17868918
17759158 31331740
17759158 40981798
17759158 31331740
17759158 22462180
17759158 22462180
17759158 40981798
17759158 8088112
17759158 14925700
17759158 17868918
17759158 31331740
17759158 14925700
17759158 22462180
17759158 40981798
17759158 17868918
17759158 8088112
17759158 31331740
17759158 22462180
17759158 40981798
17759158 8088112
17759158 17868918
17759158 31331740
17759158 14925700
17759158 22462180
17759158 40981798
17759158 17868918
17759158 31331740
17759158 8088112
17759158 40981798
17759158 17868918
17759158 22462180
17759158 31331740
17759158 22462180
17759158 31331740
17759158 14925700
17759158 17868918
17759158 40981798
17759158 14925700
17759158 22462180
17759158 40981798
17759158 17868918
17759158 31331740
17759158 8088112
17759158 40981798
17759158 8088112
17759158 17868918
17759158 31331740
17759158 22462180
17759158 40981798
17759158 17868918
17759158 8088112
17759158 14925700
17759158 22462180
17759158 8088112
17759158 22462180
17759158 40981798
17759158 31331740
17759158 14925700
17759158 40981798
17759158 8088112
17759158 17868918
17759158 31331740
17759158 22462180
17759158 40981798
17759158 17868918
17759158 8088112
17759158 31331740
17759158 22462180
22462180 8088112
22462180 31331740
22462180 40981798
22462180 17759158
22462180 17868918
22462180 40981798
22462180 40981798
22462180 8088112
22462180 31331740
22462180 17868918
22462180 40981798
22462180 8088112
22462180 31331740
22462180 40981798
22462180 17759158
22462180 17868918
22462180 17759158
22462180 31331740
22462180 40981798
22462180 40981798
22462180 31331740
22462180 8088112
22462180 31331740
22462180 40981798
22462180 17759158
22462180 17868918
22462180 8088112
22462180 31331740
22462180 40981798
22462180 17759158
22462180 17868918
22462180 8088112
22462180 31331740
22462180 40981798
22462180 31331740
22462180 40981798
22462180 17868918
22462180 31331740
22462180 40981798
22462180 31331740
22462180 40981798
22462180 17868918
22462180 31331740
22462180 40981798
22462180 8088112
22462180 31331740
22462180 40981798
22462180 17759158
22462180 17868918
22462180 8088112
22462180 17868918
22462180 40981798
22462180 8088112
22462180 31331740
22462180 17868918
22462180 40981798
22462180 17868918
22462180 40981798
22462180 31331740
22462180 40981798
22462180 17868918
22462180 40981798
22462180 31331740
22462180 40981798
22462180 17868918
22462180 40981798
22462180 40981798
22462180 8088112
22462180 31331740
22462180 40981798
22462180 17759158
22462180 17868918
22462180 40981798
22462180 8088112
22462180 40981798
22462180 8088112
22462180 17868918
22462180 40981798
22462180 8088112
22462180 40981798
22462180 17759158
22462180 31331740
22462180 17868918
22462180 40981798
22462180 8088112
22462180 31331740
22462180 40981798
22462180 17868918
22462180 31331740
22462180 40981798
22462180 17759158
22462180 17868918
22462180 8088112
22462180 31331740
22462180 40981798
22462180 17759158
22462180 17868918
22462180 8088112
22462180 31331740
22462180 40981798
22462180 8088112
22462180 31331740
22462180 40981798
22462180 8088112
22462180 31331740
22462180 40981798
22462180 17868918
22462180 8088112
22462180 31331740
22462180 40981798
22462180 8088112
22462180 31331740
22462180 17868918
22462180 40981798
22462180 40981798
22462180 8088112
22462180 31331740
22462180 17868918
22462180 40981798
22462180 8088112
22462180 17868918
22462180 40981798
22462180 31331740
22462180 40981798
22462180 40981798
22462180 17868918
22462180 31331740
22462180 40981798
22462180 40981798
22462180 40981798
22462180 8088112
22462180 31331740
22462180 17868918
22462180 40981798
22462180 8088112
22462180 40981798
22462180 17868918
22462180 40981798
22462180 8088112
22462180 17868918
22462180 40981798
22462180 8088112
22462180 31331740
22462180 40981798
22462180 31331740
22462180 17868918
22462180 40981798
22462180 40981798
22462180 31331740
22462180 8088112
22462180 31331740
22462180 40981798
22462180 17868918
22462180 8088112
22462180 40981798
22462180 31331740
22462180 40981798
22462180 31331740
22462180 17868918
22462180 40981798
22462180 8088112
22462180 31331740
22462180 40981798
22462180 17868918
22462180 40981798
22462180 8088112
22462180 31331740
22462180 40981798
22462180 40981798
22462180 40981798
22462180 17759158
22462180 8088112
22462180 31331740
22462180 17868918
22462180 17759158
22462180 8088112
22462180 17868918
22462180 40981798
22462180 40981798
22462180 31331740
22462180 17868918
22462180 40981798
22462180 17759158
22462180 8088112
22462180 31331740
22462180 40981798
22462180 17868918
22462180 40981798
22462180 8088112
22462180 31331740
22462180 40981798
22462180 17759158
22462180 8088112
22462180 31331740
22462180 17868918
22462180 40981798
22462180 17868918
22462180 40981798
22462180 40981798
22462180 31331740
22462180 40981798
22462180 8088112
22462180 31331740
22462180 17868918
22462180 40981798
22462180 31331740
22462180 40981798
22462180 40981798
22462180 17759158
22462180 8088112
22462180 31331740
22462180 17868918
22462180 40981798
22462180 8088112
22462180 40981798
8088112 40981798
8088112 17868918
8088112 17759158
8088112 31331740
8088112 22462180
8088112 31331740
8088112 17868918
8088112 40981798
8088112 22462180
8088112 40981798
8088112 17868918
8088112 17759158
8088112 31331740
8088112 22462180
8088112 22462180
8088112 40981798
8088112 17868918
8088112 17759158
8088112 31331740
8088112 40981798
8088112 17868918
8088112 17759158
8088112 31331740
8088112 22462180
8088112 31331740
8088112 40981798
8088112 22462180
8088112 17868918
8088112 40981798
8088112 17759158
8088112 31331740
8088112 22462180
8088112 17868918
8088112 40981798
8088112 22462180
8088112 31331740
8088112 17868918
8088112 40981798
8088112 22462180
8088112 40981798
8088112 17868918
8088112 17759158
8088112 31331740
8088112 22462180
8088112 40981798
8088112 22462180
8088112 17868918
8088112 40981798
8088112 22462180
8088112 40981798
8088112 22462180
8088112 40981798
8088112 17868918
8088112 31331740
8088112 22462180
8088112 40981798
8088112 17759158
8088112 17868918
8088112 31331740
8088112 22462180
8088112 31331740
8088112 40981798
8088112 22462180
8088112 40981798
8088112 31331740
8088112 22462180
8088112 40981798
8088112 17868918
8088112 31331740
8088112 22462180
8088112 31331740
8088112 40981798
8088112 22462180
8088112 31331740
8088112 17868918
8088112 40981798
8088112 22462180
8088112 31331740
8088112 17868918
8088112 40981798
8088112 22462180
8088112 17868918
8088112 40981798
8088112 22462180
8088112 31331740
8088112 17868918
8088112 40981798
8088112 22462180
8088112 40981798
8088112 17868918
8088112 22462180
8088112 17868918
8088112 40981798
8088112 22462180
8088112 31331740
8088112 40981798
8088112 22462180
8088112 40981798
8088112 17868918
8088112 31331740
8088112 22462180
8088112 22462180
8088112 40981798
8088112 40981798
8088112 17868918
8088112 31331740
8088112 22462180
8088112 31331740
8088112 40981798
8088112 22462180
8088112 17759158
8088112 31331740
8088112 17868918
8088112 22462180
8088112 17759158
8088112 17868918
8088112 22462180
8088112 40981798
8088112 17759158
8088112 31331740
8088112 40981798
8088112 22462180
8088112 40981798
8088112 31331740
8088112 22462180
8088112 17868918
8088112 17759158
8088112 31331740
8088112 40981798
8088112 22462180
8088112 31331740
8088112 17868918
8088112 40981798
8088112 22462180
8088112 17759158
8088112 31331740
8088112 17868918
8088112 40981798
8088112 22462180
8088112 40981798
8088112 22462180
40981798 280935165
40981798 31331740
40981798 8088112
40981798 131613362
40981798 430313102
40981798 17759158
40981798 22462180
40981798 17627996
40981798 314316607
40981798 123371682
40981798 72818790
40981798 17868918
40981798 123371682
40981798 22462180
40981798 22462180
40981798 31331740
40981798 17868918
40981798 22462180
40981798 8088112
40981798 31331740
40981798 17868918
40981798 280935165
40981798 8088112
40981798 430313102
40981798 17759158
40981798 131613362
40981798 31331740
40981798 22462180
40981798 314316607
40981798 123371682
40981798 72818790
40981798 17868918
40981798 31331740
40981798 22462180
40981798 17759158
40981798 131613362
40981798 31331740
40981798 22462180
40981798 280935165
40981798 430313102
40981798 17759158
40981798 8088112
40981798 31331740
40981798 22462180
40981798 314316607
40981798 123371682
40981798 17868918
40981798 280935165
40981798 8088112
40981798 17759158
40981798 31331740
40981798 17868918
40981798 22462180
40981798 314316607
40981798 123371682
40981798 31331740
40981798 22462180
40981798 8088112
40981798 22462180
40981798 31331740
40981798 17868918
40981798 31331740
40981798 22462180
40981798 280935165
40981798 430313102
40981798 31331740
40981798 22462180
40981798 314316607
40981798 123371682
40981798 17868918
40981798 31331740
40981798 22462180
40981798 8088112
40981798 17759158
40981798 31331740
40981798 22462180
40981798 17868918
40981798 8088112
40981798 22462180
40981798 17868918
40981798 31331740
40981798 280935165
40981798 430313102
40981798 314316607
40981798 8088112
40981798 123371682
40981798 22462180
40981798 17868918
40981798 17868918
40981798 22462180
40981798 123371682
40981798 31331740
40981798 17868918
40981798 22462180
40981798 22462180
40981798 31331740
40981798 22462180
40981798 22462180
40981798 17868918
40981798 22462180
40981798 280935165
40981798 8088112
40981798 17759158
40981798 31331740
40981798 22462180
40981798 123371682
40981798 17868918
40981798 22462180
40981798 8088112
40981798 22462180
40981798 280935165
40981798 8088112
40981798 123371682
40981798 22462180
40981798 131613362
40981798 17868918
40981798 8088112
40981798 22462180
40981798 31331740
40981798 17868918
40981798 280935165
40981798 430313102
40981798 22462180
40981798 17759158
40981798 314316607
40981798 131613362
40981798 8088112
40981798 280935165
40981798 31331740
40981798 22462180
40981798 17868918
40981798 17759158
40981798 131613362
40981798 31331740
40981798 22462180
40981798 17868918
40981798 280935165
40981798 8088112
40981798 430313102
40981798 17759158
40981798 22462180
40981798 31331740
40981798 17627996
40981798 314316607
40981798 123371682
40981798 72818790
40981798 17868918
40981798 31331740
40981798 8088112
40981798 22462180
40981798 8088112
40981798 31331740
40981798 22462180
40981798 280935165
40981798 8088112
40981798 131613362
40981798 430313102
40981798 22462180
40981798 31331740
40981798 314316607
40981798 123371682
40981798 72818790
40981798 17868918
40981798 31331740
40981798 8088112
40981798 22462180
40981798 31331740
40981798 22462180
40981798 17868918
40981798 8088112
40981798 280935165
40981798 22462180
40981798 31331740
40981798 17868918
40981798 280935165
40981798 314316607
40981798 8088112
40981798 22462180
40981798 131613362
40981798 72818790
40981798 123371682
40981798 17868918
40981798 314316607
40981798 22462180
40981798 131613362
40981798 280935165
40981798 8088112
40981798 72818790
40981798 31331740
40981798 22462180
40981798 22462180
40981798 31331740
40981798 280935165
40981798 314316607
40981798 22462180
40981798 72818790
40981798 17868918
40981798 123371682
40981798 131613362
40981798 280935165
40981798 123371682
40981798 22462180
40981798 314316607
40981798 22462180
40981798 31331740
40981798 17868918
40981798 22462180
40981798 8088112
40981798 280935165
40981798 8088112
40981798 131613362
40981798 22462180
40981798 314316607
40981798 17868918
40981798 430313102
40981798 123371682
40981798 22462180
40981798 314316607
40981798 8088112
40981798 22462180
40981798 131613362
40981798 17868918
40981798 17759158
40981798 22462180
40981798 31331740
40981798 8088112
40981798 22462180
40981798 31331740
40981798 17868918
40981798 280935165
40981798 31331740
40981798 22462180
40981798 314316607
40981798 280935165
40981798 8088112
40981798 31331740
40981798 22462180
40981798 314316607
40981798 17868918
40981798 8088112
40981798 22462180
40981798 22462180
40981798 31331740
40981798 31331740
40981798 17868918
40981798 22462180
40981798 280935165
40981798 430313102
40981798 131613362
40981798 31331740
40981798 22462180
40981798 8088112
40981798 123371682
40981798 17868918
40981798 22462180
40981798 31331740
40981798 8088112
40981798 123371682
40981798 22462180
40981798 22462180
40981798 22462180
40981798 131613362
40981798 17627996
40981798 314316607
40981798 8088112
40981798 22462180
40981798 17759158
40981798 72818790
40981798 17868918
40981798 123371682
40981798 131613362
40981798 31331740
40981798 280935165
40981798 314316607
40981798 123371682
40981798 22462180
40981798 131613362
40981798 17868918
40981798 22462180
40981798 31331740
40981798 8088112
40981798 22462180
40981798 17759158
40981798 22462180
40981798 17868918
40981798 31331740
40981798 280935165
40981798 8088112
40981798 22462180
40981798 280935165
40981798 8088112
40981798 22462180
40981798 31331740
40981798 17759158
40981798 17868918
40981798 22462180
40981798 17868918
40981798 22462180
40981798 123371682
40981798 22462180
40981798 31331740
40981798 72818790
40981798 8088112
40981798 31331740
40981798 22462180
40981798 17868918
40981798 31331740
40981798 22462180
40981798 22462180
40981798 31331740
40981798 8088112
40981798 22462180
40981798 17759158
40981798 17868918
40981798 8088112
40981798 22462180
40981798 17759158
40981798 280935165
40981798 8088112
40981798 31331740
40981798 72818790
40981798 430313102
40981798 131613362
40981798 22462180
40981798 17627996
40981798 314316607
40981798 17868918
40981798 123371682
280935165 437804658
280935165 22462180
280935165 157829215
280935165 40981798
280935165 131613362
280935165 123371682
280935165 430313102
280935165 8088112
280935165 17868918
280935165 31331740
280935165 314316607
280935165 248883350
280935165 123371682
280935165 40981798
280935165 22462180
280935165 131613362
280935165 8088112
280935165 430313102
280935165 17868918
280935165 31331740
280935165 314316607
280935165 22462180
280935165 157829215
280935165 40981798
280935165 123371682
280935165 430313102
280935165 8088112
280935165 17868918
280935165 31331740
280935165 314316607
280935165 22462180
280935165 157829215
280935165 40981798
280935165 123371682
280935165 8088112
280935165 17868918
280935165 31331740
280935165 314316607
280935165 248883350
280935165 22462180
280935165 157829215
280935165 40981798
280935165 123371682
280935165 430313102
280935165 17868918
280935165 31331740
280935165 314316607
280935165 248883350
280935165 123371682
280935165 430313102
280935165 22462180
280935165 157829215
280935165 8088112
280935165 314316607
280935165 17868918
280935165 31331740
280935165 40981798
280935165 22462180
280935165 157829215
280935165 40981798
280935165 123371682
280935165 8088112
280935165 17868918
280935165 31331740
280935165 248883350
280935165 123371682
280935165 22462180
280935165 8088112
280935165 131613362
280935165 17868918
280935165 40981798
280935165 430313102
280935165 22462180
280935165 131613362
280935165 314316607
280935165 17868918
280935165 31331740
280935165 40981798
280935165 22462180
280935165 40981798
280935165 8088112
280935165 17868918
280935165 31331740
280935165 22462180
280935165 157829215
280935165 40981798
280935165 123371682
280935165 430313102
280935165 8088112
280935165 17868918
280935165 31331740
280935165 314316607
280935165 248883350
280935165 437804658
280935165 314316607
280935165 22462180
280935165 157829215
280935165 40981798
280935165 131613362
280935165 123371682
280935165 430313102
280935165 8088112
280935165 17868918
280935165 31331740
280935165 40981798
280935165 22462180
280935165 31331740
280935165 17868918
280935165 8088112
280935165 123371682
280935165 22462180
280935165 157829215
280935165 8088112
280935165 131613362
280935165 314316607
280935165 31331740
280935165 17868918
280935165 40981798
280935165 22462180
280935165 157829215
280935165 8088112
280935165 40981798
280935165 131613362
280935165 314316607
280935165 17868918
280935165 248883350
280935165 123371682
280935165 157829215
280935165 131613362
280935165 314316607
280935165 17868918
280935165 31331740
280935165 40981798
280935165 22462180
280935165 123371682
280935165 22462180
280935165 314316607
280935165 40981798
280935165 22462180
280935165 157829215
280935165 40981798
280935165 131613362
280935165 8088112
280935165 17868918
280935165 314316607
280935165 437804658
280935165 22462180
280935165 40981798
280935165 31331740
280935165 314316607
280935165 248883350
280935165 22462180
280935165 157829215
280935165 40981798
280935165 8088112
280935165 17868918
280935165 31331740
280935165 314316607
280935165 248883350
280935165 437804658
280935165 22462180
280935165 157829215
280935165 40981798
280935165 131613362
280935165 123371682
280935165 430313102
280935165 8088112
280935165 17868918
280935165 31331740
280935165 248883350
280935165 123371682
280935165 131613362
280935165 430313102
280935165 22462180
280935165 8088112
280935165 314316607
280935165 17868918
280935165 31331740
280935165 123371682
280935165 22462180
280935165 157829215
280935165 131613362
280935165 314316607
280935165 17868918
280935165 31331740
280935165 40981798
280935165 22462180
280935165 8088112
280935165 40981798
280935165 31331740
280935165 22462180
280935165 8088112
280935165 17868918
280935165 31331740
280935165 40981798
437804658 31331740
437804658 451250774
437804658 123371682
437804658 8088112
437804658 314316607
437804658 100581193
437804658 40981798
437804658 131613362
437804658 276577539
437804658 22462180
437804658 280935165
437804658 394263193
437804658 31331740
437804658 123371682
437804658 314316607
437804658 8088112
437804658 40981798
437804658 131613362
437804658 22462180
437804658 276577539
437804658 280935165
437804658 394263193
437804658 31331740
437804658 314316607
437804658 100581193
437804658 40981798
437804658 276577539
437804658 22462180
437804658 280935165
437804658 123371682
437804658 31331740
437804658 8088112
437804658 100581193
437804658 40981798
437804658 131613362
437804658 22462180
437804658 276577539
437804658 280935165
451250774 314316607
451250774 157829215
451250774 40981798
451250774 22462180
451250774 14925700
451250774 8088112
451250774 2367911
451250774 276577539
451250774 437804658
451250774 123371682
451250774 131613362
451250774 17868918
451250774 17759158
451250774 430313102
451250774 231238695
451250774 280935165
451250774 31331740
451250774 72818790
451250774 314316607
451250774 157829215
451250774 40981798
451250774 22462180
451250774 14925700
451250774 8088112
451250774 2367911
451250774 123371682
451250774 17868918
451250774 17759158
451250774 430313102
451250774 231238695
451250774 280935165
451250774 31331740
451250774 314316607
451250774 157829215
451250774 40981798
451250774 22462180
451250774 14925700
451250774 8088112
451250774 2367911
451250774 276577539
451250774 17868918
451250774 17759158
451250774 280935165
451250774 31331740
451250774 123371682
451250774 314316607
451250774 157829215
451250774 40981798
451250774 22462180
451250774 123371682
451250774 17868918
451250774 231238695
451250774 280935165
451250774 31331740
451250774 430313102
451250774 157829215
451250774 8088112
451250774 314316607
451250774 40981798
451250774 17868918
451250774 280935165
451250774 22462180
451250774 31331740
451250774 430313102
451250774 123371682
451250774 157829215
451250774 17868918
451250774 40981798
451250774 276577539
451250774 22462180
451250774 2367911
451250774 123371682
451250774 157829215
451250774 40981798
451250774 22462180
451250774 14925700
451250774 8088112
451250774 2367911
451250774 123371682
451250774 17868918
451250774 17759158
451250774 280935165
451250774 31331740
451250774 314316607
451250774 157829215
451250774 40981798
451250774 22462180
451250774 14925700
451250774 8088112
451250774 2367911
451250774 123371682
451250774 17868918
451250774 17759158
451250774 430313102
451250774 231238695
451250774 280935165
451250774 31331740
451250774 72818790
451250774 40981798
451250774 157829215
451250774 231238695
451250774 22462180
451250774 430313102
451250774 123371682
451250774 22462180
451250774 40981798
451250774 131613362
157829215 100581193
157829215 31331740
157829215 2367911
157829215 40981798
157829215 314316607
157829215 22462180
157829215 131613362
157829215 123371682
157829215 430313102
157829215 280935165
157829215 17759158
157829215 17868918
157829215 8088112
157829215 72818790
157829215 248883350
157829215 437804658
157829215 276577539
157829215 123371682
157829215 22462180
157829215 40981798
157829215 17759158
157829215 40981798
157829215 22462180
157829215 131613362
157829215 31331740
157829215 31331740
157829215 2367911
157829215 40981798
157829215 22462180
157829215 314316607
157829215 280935165
157829215 123371682
157829215 8088112
157829215 430313102
157829215 17868918
157829215 17759158
157829215 31331740
157829215 2367911
157829215 40981798
157829215 22462180
157829215 314316607
157829215 123371682
157829215 8088112
157829215 280935165
157829215 17759158
157829215 17868918
157829215 248883350
157829215 276577539
157829215 40981798
157829215 8088112
157829215 22462180
157829215 31331740
157829215 31331740
157829215 40981798
157829215 22462180
157829215 314316607
157829215 280935165
157829215 430313102
157829215 123371682
157829215 17868918
157829215 248883350
157829215 430313102
157829215 17868918
157829215 123371682
157829215 40981798
157829215 8088112
157829215 314316607
157829215 22462180
157829215 280935165
157829215 31331740
157829215 100581193
157829215 17868918
157829215 123371682
157829215 40981798
157829215 22462180
157829215 276577539
157829215 2367911
157829215 31331740
157829215 2367911
157829215 40981798
157829215 22462180
157829215 123371682
157829215 8088112
157829215 280935165
157829215 17759158
157829215 17868918
157829215 248883350
157829215 31331740
157829215 2367911
157829215 22462180
157829215 314316607
157829215 280935165
157829215 430313102
157829215 123371682
157829215 8088112
157829215 17759158
157829215 17868918
157829215 72818790
157829215 40981798
157829215 248883350
157829215 2367911
157829215 31331740
157829215 40981798
157829215 22462180
157829215 314316607
157829215 280935165
157829215 123371682
157829215 437804658
157829215 430313102
157829215 17868918
157829215 72818790
157829215 8088112
157829215 131613362
157829215 276577539
157829215 17868918
157829215 123371682
157829215 40981798
157829215 72818790
157829215 8088112
157829215 22462180
157829215 314316607
157829215 131613362
157829215 280935165
157829215 31331740
157829215 2367911
157829215 17868918
157829215 40981798
157829215 100581193
157829215 72818790
157829215 8088112
157829215 22462180
157829215 314316607
157829215 131613362
157829215 276577539
157829215 280935165
157829215 248883350
157829215 2367911
157829215 17868918
157829215 123371682
157829215 40981798
157829215 72818790
157829215 22462180
157829215 314316607
157829215 131613362
157829215 280935165
157829215 31331740
157829215 2367911
157829215 2367911
157829215 40981798
157829215 22462180
157829215 314316607
157829215 280935165
157829215 8088112
157829215 17868918
157829215 100581193
157829215 131613362
157829215 276577539
157829215 430313102
157829215 123371682
157829215 40981798
157829215 22462180
157829215 17868918
157829215 40981798
157829215 8088112
157829215 22462180
157829215 314316607
157829215 131613362
157829215 31331740
157829215 2367911
157829215 40981798
157829215 22462180
157829215 314316607
157829215 280935165
157829215 8088112
157829215 17868918
157829215 100581193
157829215 248883350
157829215 100581193
157829215 17868918
157829215 8088112
157829215 40981798
157829215 22462180
157829215 31331740
157829215 2367911
157829215 123371682
157829215 430313102
157829215 280935165
157829215 248883350
157829215 131613362
157829215 437804658
157829215 276577539
157829215 40981798
157829215 100581193
157829215 8088112
157829215 22462180
157829215 31331740
157829215 2367911
157829215 123371682
157829215 17759158
157829215 123371682
157829215 40981798
157829215 72818790
157829215 8088112
157829215 22462180
157829215 17868918
157829215 314316607
157829215 131613362
157829215 17868918
157829215 123371682
157829215 40981798
157829215 22462180
157829215 314316607
157829215 131613362
157829215 280935165
157829215 31331740
157829215 2367911
100581193 279787626
100581193 280935165
100581193 248883350
100581193 17868918
100581193 157829215
100581193 131613362
100581193 2367911
100581193 72818790
100581193 40981798
100581193 22462180
100581193 394263193
100581193 430313102
100581193 451250774
100581193 437804658
100581193 8088112
100581193 231238695
100581193 123371682
100581193 314316607
100581193 22462180
100581193 17868918
100581193 40981798
100581193 394263193
100581193 123371682
100581193 157829215
100581193 2367911
100581193 451250774
100581193 40981798
100581193 22462180
100581193 394263193
100581193 280935165
100581193 123371682
100581193 8088112
100581193 17868918
100581193 40981798
100581193 22462180
100581193 131613362
100581193 8088112
100581193 231238695
100581193 314316607
100581193 72818790
100581193 248883350
100581193 280935165
100581193 17868918
100581193 22462180
100581193 40981798
100581193 157829215
100581193 131613362
100581193 2367911
100581193 40981798
100581193 22462180
100581193 280935165
100581193 17868918
100581193 157829215
100581193 131613362
100581193 2367911
100581193 40981798
100581193 22462180
100581193 8088112
100581193 231238695
100581193 314316607
100581193 280935165
100581193 248883350
100581193 22462180
100581193 437804658
100581193 40981798
100581193 314316607
100581193 280935165
100581193 248883350
100581193 17868918
100581193 157829215
100581193 2367911
100581193 40981798
100581193 22462180
100581193 394263193
100581193 8088112
100581193 314316607
100581193 280935165
100581193 248883350
100581193 17868918
100581193 157829215
100581193 131613362
100581193 2367911
100581193 40981798
100581193 22462180
100581193 430313102
100581193 437804658
100581193 8088112
100581193 123371682
100581193 123371682
100581193 8088112
100581193 40981798
100581193 22462180
100581193 157829215
100581193 2367911
279787626 131613362
279787626 72818790
279787626 248883350
279787626 40981798
279787626 231238695
279787626 2367911
279787626 8088112
279787626 22462180
279787626 276577539
279787626 280935165
279787626 17868918
279787626 100581193
279787626 157829215
279787626 123371682
279787626 31331740
279787626 123371682
279787626 40981798
279787626 231238695
279787626 2367911
279787626 8088112
279787626 22462180
279787626 280935165
279787626 157829215
279787626 17868918
279787626 31331740
279787626 40981798
279787626 8088112
279787626 22462180
279787626 8088112
279787626 22462180
279787626 31331740
279787626 40981798
279787626 8088112
279787626 22462180
279787626 31331740
279787626 280935165
279787626 17868918
279787626 40981798
279787626 22462180
279787626 31331740
279787626 40981798
279787626 131613362
279787626 231238695
279787626 8088112
279787626 22462180
279787626 157829215
279787626 17868918
279787626 40981798
279787626 280935165
279787626 8088112
279787626 22462180
279787626 31331740
279787626 17868918
279787626 40981798
131613362 276577539
131613362 31331740
131613362 72818790
131613362 280935165
131613362 314316607
131613362 157829215
131613362 123371682
131613362 40981798
131613362 17868918
131613362 8088112
131613362 248883350
131613362 14925700
131613362 22462180
131613362 430313102
131613362 276577539
131613362 31331740
131613362 72818790
131613362 314316607
131613362 280935165
131613362 123371682
131613362 22462180
131613362 40981798
131613362 17868918
131613362 8088112
131613362 14925700
131613362 430313102
131613362 31331740
131613362 40981798
131613362 157829215
131613362 22462180
131613362 276577539
131613362 123371682
131613362 40981798
131613362 280935165
131613362 17868918
131613362 8088112
131613362 22462180
131613362 31331740
131613362 40981798
131613362 314316607
131613362 17868918
131613362 280935165
131613362 430313102
131613362 22462180
131613362 31331740
131613362 40981798
131613362 17868918
131613362 14925700
131613362 22462180
131613362 276577539
131613362 123371682
131613362 280935165
131613362 314316607
131613362 31331740
131613362 22462180
131613362 40981798
131613362 17868918
131613362 157829215
131613362 8088112
131613362 72818790
131613362 430313102
131613362 31331740
131613362 123371682
131613362 314316607
131613362 40981798
131613362 280935165
131613362 157829215
131613362 14925700
131613362 17868918
131613362 22462180
131613362 72818790
131613362 8088112
131613362 276577539
131613362 40981798
131613362 280935165
131613362 314316607
131613362 17868918
131613362 248883350
131613362 72818790
131613362 157829215
131613362 8088112
131613362 22462180
131613362 123371682
131613362 31331740
131613362 40981798
131613362 280935165
131613362 314316607
131613362 17868918
131613362 72818790
131613362 157829215
131613362 22462180
131613362 276577539
131613362 280935165
131613362 314316607
131613362 157829215
131613362 40981798
131613362 17868918
131613362 8088112
131613362 22462180
131613362 40981798
131613362 314316607
131613362 17868918
131613362 157829215
131613362 8088112
131613362 22462180
131613362 276577539
131613362 123371682
131613362 280935165
131613362 31331740
131613362 40981798
131613362 17868918
131613362 157829215
131613362 8088112
131613362 430313102
131613362 248883350
131613362 22462180
131613362 40981798
131613362 22462180
131613362 123371682
131613362 31331740
131613362 280935165
131613362 314316607
131613362 17868918
131613362 72818790
131613362 430313102
131613362 8088112
131613362 22462180
131613362 123371682
131613362 40981798
131613362 314316607
131613362 17868918
131613362 72818790
131613362 157829215
131613362 14925700
131613362 8088112
131613362 22462180
131613362 123371682
131613362 31331740
131613362 40981798
131613362 280935165
131613362 314316607
131613362 17868918
131613362 157829215
131613362 22462180
276577539 248883350
276577539 437804658
276577539 157829215
276577539 22462180
276577539 314316607
276577539 131613362
276577539 40981798
276577539 8088112
276577539 22462180
276577539 8088112
276577539 314316607
276577539 131613362
276577539 40981798
276577539 248883350
276577539 8088112
276577539 157829215
276577539 22462180
276577539 314316607
276577539 40981798
276577539 157829215
276577539 40981798
276577539 22462180
276577539 8088112
276577539 131613362
276577539 40981798
276577539 22462180
276577539 437804658
276577539 157829215
276577539 22462180
276577539 314316607
276577539 131613362
276577539 40981798
276577539 8088112
276577539 248883350
276577539 8088112
276577539 314316607
276577539 157829215
276577539 131613362
276577539 40981798
276577539 22462180
276577539 157829215
276577539 22462180
276577539 8088112
276577539 314316607
276577539 131613362
276577539 40981798
276577539 248883350
276577539 437804658
276577539 22462180
276577539 314316607
276577539 40981798
276577539 248883350
276577539 437804658
276577539 157829215
276577539 22462180
276577539 40981798
276577539 8088112
276577539 131613362
248883350 231238695
248883350 17868918
248883350 280935165
248883350 2367911
248883350 100581193
248883350 131613362
248883350 276577539
248883350 157829215
248883350 8088112
248883350 22462180
248883350 40981798
248883350 314316607
248883350 17868918
248883350 280935165
248883350 2367911
248883350 276577539
248883350 8088112
248883350 314316607
248883350 22462180
248883350 157829215
248883350 40981798
248883350 17868918
248883350 40981798
248883350 22462180
248883350 231238695
248883350 17868918
248883350 157829215
248883350 280935165
248883350 314316607
248883350 22462180
248883350 40981798
248883350 17868918
248883350 280935165
248883350 2367911
248883350 8088112
248883350 22462180
248883350 157829215
248883350 40981798
248883350 231238695
248883350 17868918
248883350 280935165
248883350 2367911
248883350 157829215
248883350 8088112
248883350 314316607
248883350 22462180
248883350 40981798
248883350 8088112
248883350 22462180
248883350 40981798
248883350 231238695
248883350 314316607
248883350 22462180
248883350 8088112
248883350 40981798
248883350 2367911
248883350 100581193
248883350 131613362
248883350 17868918
248883350 276577539
248883350 157829215
248883350 280935165
248883350 100581193
248883350 276577539
248883350 280935165
248883350 314316607
248883350 22462180
248883350 40981798
248883350 17868918
248883350 280935165
248883350 2367911
248883350 100581193
248883350 157829215
248883350 8088112
248883350 314316607
248883350 22462180
248883350 40981798
248883350 17868918
248883350 2367911
248883350 100581193
248883350 131613362
248883350 276577539
248883350 157829215
248883350 8088112
248883350 280935165
248883350 22462180
248883350 40981798
248883350 22462180
248883350 40981798
248883350 2367911
248883350 2367911
248883350 280935165
248883350 22462180
248883350 100581193
248883350 131613362
248883350 157829215
248883350 231238695
248883350 314316607
248883350 8088112
248883350 276577539
248883350 40981798
248883350 17868918
231238695 72818790
231238695 40981798
231238695 2367911
231238695 17759158
231238695 17868918
231238695 248883350
231238695 22462180
231238695 131613362
231238695 123371682
231238695 8088112
231238695 14925700
231238695 100581193
231238695 31331740
231238695 40981798
231238695 2367911
231238695 17759158
231238695 17868918
231238695 22462180
231238695 123371682
231238695 8088112
231238695 14925700
231238695 31331740
231238695 40981798
231238695 248883350
231238695 17868918
231238695 22462180
231238695 123371682
231238695 31331740
231238695 72818790
231238695 40981798
231238695 8088112
231238695 2367911
231238695 17759158
231238695 248883350
231238695 17868918
231238695 22462180
231238695 123371682
231238695 14925700
231238695 31331740
231238695 8088112
231238695 248883350
231238695 100581193
231238695 40981798
231238695 17868918
231238695 22462180
231238695 72818790
231238695 2367911
231238695 131613362
231238695 40981798
231238695 2367911
231238695 17868918
231238695 22462180
231238695 131613362
231238695 8088112
231238695 100581193
231238695 40981798
231238695 22462180
231238695 123371682
231238695 8088112
231238695 22462180
231238695 17868918
231238695 40981798
231238695 131613362
72818790 31331740
72818790 123371682
72818790 40981798
72818790 17759158
72818790 314316607
72818790 22462180
72818790 14925700
72818790 17868918
72818790 131613362
72818790 8088112
72818790 157829215
72818790 31331740
72818790 123371682
72818790 40981798
72818790 17759158
72818790 314316607
72818790 22462180
72818790 14925700
72818790 17868918
72818790 131613362
72818790 8088112
72818790 31331740
72818790 123371682
72818790 40981798
72818790 17759158
72818790 314316607
72818790 22462180
72818790 14925700
72818790 17868918
72818790 8088112
72818790 157829215
72818790 31331740
72818790 123371682
72818790 40981798
72818790 314316607
72818790 22462180
72818790 17868918
72818790 131613362
72818790 8088112
72818790 157829215
72818790 314316607
72818790 14925700
72818790 123371682
72818790 31331740
72818790 40981798
72818790 17868918
72818790 22462180
72818790 8088112
72818790 131613362
72818790 157829215
72818790 131613362
72818790 314316607
72818790 40981798
72818790 17868918
72818790 22462180
72818790 8088112
72818790 157829215
72818790 314316607
72818790 31331740
72818790 123371682
72818790 40981798
72818790 17868918
72818790 131613362
72818790 22462180
72818790 157829215
72818790 314316607
72818790 31331740
72818790 123371682
72818790 17868918
72818790 22462180
72818790 8088112
72818790 131613362
72818790 17759158
72818790 314316607
72818790 14925700
72818790 123371682
72818790 8088112
72818790 40981798
72818790 17868918
72818790 22462180
72818790 131613362
72818790 157829215
72818790 17759158
72818790 31331740
72818790 123371682
72818790 40981798
72818790 22462180
123371682 394263193
123371682 31331740
123371682 437804658
123371682 451250774
123371682 231238695
123371682 430313102
123371682 280935165
123371682 17868918
123371682 17759158
123371682 314316607
123371682 14925700
123371682 2367911
123371682 8088112
123371682 157829215
123371682 72818790
123371682 22462180
123371682 131613362
123371682 40981798
123371682 100581193
123371682 22462180
123371682 40981798
123371682 157829215
123371682 31331740
123371682 430313102
123371682 22462180
123371682 280935165
123371682 17868918
123371682 17759158
123371682 314316607
123371682 14925700
123371682 8088112
123371682 72818790
123371682 131613362
123371682 40981798
123371682 31331740
123371682 451250774
123371682 231238695
123371682 430313102
123371682 280935165
123371682 17868918
123371682 17759158
123371682 314316607
123371682 14925700
123371682 2367911
123371682 8088112
123371682 22462180
123371682 157829215
123371682 394263193
123371682 40981798
123371682 31331740
123371682 17868918
123371682 451250774
123371682 280935165
123371682 17759158
123371682 314316607
123371682 14925700
123371682 2367911
123371682 8088112
123371682 22462180
123371682 157829215
123371682 40981798
123371682 31331740
123371682 451250774
123371682 231238695
123371682 430313102
123371682 280935165
123371682 17868918
123371682 22462180
123371682 314316607
123371682 157829215
123371682 40981798
123371682 31331740
123371682 157829215
123371682 40981798
123371682 22462180
123371682 451250774
123371682 430313102
123371682 314316607
123371682 17868918
123371682 280935165
123371682 8088112
123371682 157829215
123371682 394263193
123371682 40981798
123371682 22462180
123371682 100581193
123371682 451250774
123371682 2367911
123371682 17868918
123371682 31331740
123371682 22462180
123371682 280935165
123371682 17868918
123371682 17759158
123371682 14925700
123371682 2367911
123371682 8088112
123371682 451250774
123371682 157829215
123371682 394263193
123371682 40981798
123371682 131613362
123371682 40981798
123371682 17868918
123371682 22462180
123371682 100581193
123371682 280935165
123371682 8088112
123371682 31331740
123371682 17868918
123371682 451250774
123371682 231238695
123371682 430313102
123371682 280935165
123371682 17759158
123371682 314316607
123371682 14925700
123371682 2367911
123371682 8088112
123371682 72818790
123371682 22462180
123371682 157829215
123371682 40981798
123371682 31331740
123371682 437804658
123371682 430313102
123371682 280935165
123371682 314316607
123371682 2367911
123371682 8088112
123371682 157829215
123371682 72818790
123371682 22462180
123371682 131613362
123371682 394263193
123371682 40981798
123371682 17868918
123371682 72818790
123371682 31331740
123371682 157829215
123371682 131613362
123371682 40981798
123371682 17868918
123371682 22462180
123371682 280935165
123371682 314316607
123371682 2367911
123371682 14925700
123371682 8088112
123371682 157829215
123371682 40981798
123371682 72818790
123371682 17868918
123371682 22462180
123371682 31331740
123371682 131613362
123371682 314316607
123371682 2367911
123371682 280935165
123371682 40981798
123371682 22462180
123371682 314316607
123371682 280935165
123371682 157829215
123371682 40981798
123371682 22462180
123371682 451250774
123371682 231238695
123371682 430313102
123371682 31331740
123371682 437804658
123371682 430313102
123371682 280935165
123371682 2367911
123371682 8088112
123371682 22462180
123371682 131613362
123371682 157829215
123371682 40981798
123371682 100581193
123371682 17868918
123371682 157829215
123371682 40981798
123371682 22462180
123371682 100581193
123371682 31331740
123371682 2367911
123371682 8088112
123371682 31331740
123371682 72818790
123371682 131613362
123371682 17868918
123371682 22462180
123371682 17759158
123371682 314316607
123371682 430313102
123371682 280935165
123371682 8088112
123371682 157829215
123371682 17759158
123371682 40981798
123371682 72818790
123371682 17868918
123371682 22462180
123371682 314316607
123371682 131613362
123371682 14925700
123371682 8088112
123371682 31331740
123371682 157829215
123371682 40981798
123371682 17868918
123371682 22462180
123371682 131613362
123371682 314316607
123371682 2367911
123371682 280935165
123371682 40981798
123371682 72818790
123371682 22462180
123371682 31331740
123371682 2367911
394263193 100581193
394263193 14925700
394263193 231238695
394263193 451250774
394263193 157829215
394263193 314316607
394263193 2367911
394263193 276577539
394263193 31331740
394263193 437804658
394263193 22462180
394263193 8088112
394263193 40981798
394263193 131613362
394263193 430313102
394263193 17759158
394263193 17868918
394263193 123371682
394263193 31331740
394263193 22462180
394263193 40981798
394263193 14925700
394263193 231238695
394263193 451250774
394263193 31331740
394263193 157829215
394263193 22462180
394263193 314316607
394263193 2367911
394263193 8088112
394263193 40981798
394263193 430313102
394263193 17759158
394263193 17868918
394263193 123371682
394263193 40981798
394263193 100581193
394263193 157829215
394263193 276577539
394263193 2367911
394263193 17868918
394263193 451250774
394263193 22462180
394263193 123371682
394263193 22462180
394263193 14925700
394263193 451250774
394263193 31331740
394263193 157829215
394263193 2367911
394263193 8088112
394263193 40981798
394263193 17759158
394263193 17868918
394263193 123371682
394263193 100581193
394263193 22462180
394263193 40981798
394263193 17868918
394263193 157829215
394263193 314316607
394263193 2367911
394263193 8088112
394263193 276577539
394263193 31331740
394263193 437804658
394263193 22462180
394263193 40981798
394263193 430313102
394263193 131613362
394263193 123371682
394263193 100581193
394263193 157829215
394263193 314316607
394263193 2367911
394263193 8088112
394263193 22462180
394263193 40981798
394263193 17868918
394263193 31331740
394263193 40981798
394263193 31331740
394263193 22462180
394263193 17868918
394263193 40981798
394263193 131613362
394263193 451250774
394263193 22462180
394263193 40981798
394263193 8088112
394263193 22462180
14925700 17627996
14925700 17627996
14925700 17627996
17627996 14925700
17627996 40981798
17627996 14925700
17627996 40981798
17627996 40981798
17627996 14925700
17627996 258304652
17627996 19081001
17627996 14925700
17627996 40981798
258304652 19081001
258304652 14925700
258304652 40981798
19081001 16636947
16636947 16264006
16264006 14327149
16264006 40981798
16264006 17868918
16264006 16636947
16264006 31331740
16264006 17868918
16264006 40981798
16264006 17868918
16264006 31331740
14327149 16685316
14327149 19637934
14327149 16685316
14327149 19637934
14327149 16685316
14327149 16685316
14327149 19637934
14327149 14677919
16685316 19637934
16685316 14327149
16685316 19637934
16685316 14327149
16685316 14327149
16685316 14327149
16685316 19081001
16685316 19637934
16685316 40981798
19637934 411202965
19637934 79797834
19637934 27052547
19637934 813286
19637934 15666380
19637934 14327149
19637934 79797834
19637934 813286
19637934 14677919
19637934 79797834
19637934 813286
19637934 79797834
19637934 15666380
19637934 14677919
19637934 813286
19637934 813286
19637934 14327149
19637934 79797834
19637934 14824849
19637934 813286
19637934 14677919
19637934 79797834
19637934 79797834
19637934 813286
19637934 14824849
19637934 813286
19637934 813286
19637934 813286
19637934 15666380
411202965 27052547
27052547 411202965
27052547 19637934
79797834 9973842
79797834 23483324
79797834 37977732
79797834 37977732
79797834 9973842
79797834 37977732
79797834 9973842
79797834 37977732
79797834 23483324
79797834 9973842
79797834 37977732
9973842 451331227
9973842 16858804
9973842 79797834
9973842 9503302
9973842 2705
9973842 83876527
9973842 16877939
9973842 22689667
9973842 55113
9973842 79797834
9973842 83876527
9973842 79797834
451331227 88974843
451331227 22689667
451331227 83876527
451331227 9973842
451331227 55113
88974843 14677919
88974843 59557446
14677919 23483324
14677919 59557446
14677919 14824849
14677919 6141832
14677919 2367911
14677919 6141832
14677919 14824849
14677919 20608910
14677919 2367911
14677919 9532402
14677919 14824849
14677919 23483324
14677919 17044233
14677919 9300262
14677919 59557446
14677919 47707475
14677919 6141832
23483324 59557446
23483324 98976495
23483324 46073276
23483324 203827751
23483324 79797834
23483324 14677919
23483324 59557446
23483324 9532402
23483324 47707475
59557446 23483324
59557446 14677919
59557446 46073276
59557446 14824849
59557446 23483324
59557446 9532402
46073276 28359405
46073276 23483324
46073276 23930272
46073276 14677919
46073276 203827751
46073276 83876527
46073276 99211591
46073276 59557446
46073276 96770886
46073276 5992502
28359405 5992502
28359405 83876527
28359405 203827751
5992502 203827751
5992502 14677919
5992502 28359405
5992502 83876527
5992502 46073276
203827751 28359405
203827751 5992502
203827751 79797834
203827751 23483324
203827751 46073276
203827751 23930272
203827751 98976495
203827751 14677919
203827751 83876527
23930272 18758940
23930272 46073276
23930272 99211591
23930272 96770886
18758940 96770886
18758940 23930272
18758940 99211591
96770886 99211591
96770886 18758940
96770886 46073276
96770886 23930272
99211591 96770886
99211591 37977732
99211591 23930272
99211591 18758940
99211591 79797834
99211591 83876527
99211591 46073276
99211591 79797834
37977732 16858804
37977732 99211591
37977732 79797834
37977732 22689667
37977732 16877939
37977732 79797834
37977732 79797834
37977732 79797834
37977732 22689667
37977732 79797834
37977732 16858804
37977732 99211591
37977732 16877939
16858804 9503302
16858804 16877939
16858804 9973842
16858804 37977732
16858804 16877939
9503302 16858804
9503302 16877939
9503302 2705
9503302 22689667
16877939 55113
16877939 9973842
16877939 37977732
16877939 79797834
16877939 9503302
16877939 16858804
16877939 79797834
16877939 16858804
55113 16858804
55113 83876527
55113 9973842
55113 16877939
55113 451331227
55113 22689667
55113 88974843
83876527 9973842
83876527 22689667
83876527 46073276
83876527 55113
83876527 23930272
83876527 98976495
83876527 5992502
83876527 203827751
83876527 28359405
83876527 59557446
83876527 9973842
22689667 792998
22689667 451331227
22689667 37977732
22689667 83876527
22689667 55113
22689667 9973842
22689667 9503302
792998 16877939
792998 2705
792998 22689667
792998 83876527
792998 9973842
2705 9503302
2705 22689667
2705 9973842
2705 98976495
2705 792998
98976495 203827751
98976495 83876527
98976495 23483324
98976495 6141832
6141832 47707475
47707475 17044233
47707475 14824849
47707475 9532402
47707475 23483324
47707475 6141832
17044233 9532402
17044233 47707475
9532402 9300262
9532402 59557446
9532402 17044233
9532402 47707475
9300262 20608910
9300262 9532402
20608910 44177383
20608910 813286
20608910 9532402
44177383 15846407
44177383 813286
44177383 20608910
15846407 813286
15846407 20608910
15846407 813286
15846407 10350
15846407 813286
15846407 10350
15846407 15913
15846407 813286
15846407 19637934
15846407 1183041
15846407 7861312
15846407 1183041
15846407 19637934
15846407 15913
15846407 7861312
15846407 10350
15846407 15439395
15846407 22462180
15846407 17868918
15846407 17759158
15846407 44473103
15846407 40981798
15846407 31331740
15846407 813286
15846407 2367911
15846407 14824849
15846407 7861312
15846407 1183041
15846407 7861312
15846407 1183041
15846407 40981798
15846407 7861312
15846407 15666380
15846407 22462180
15846407 44473103
15846407 40981798
15846407 31331740
15846407 22462180
15846407 40981798
15846407 2367911
15846407 31331740
15846407 813286
15846407 16583672
15846407 19637934
15846407 16908436
15846407 813286
15846407 79797834
15846407 22462180
15846407 40981798
15846407 17759158
15846407 31331740
15846407 44473103
15846407 17868918
813286 16637198
813286 7861312
813286 1183041
813286 10350
813286 44177383
813286 7861312
813286 1183041
813286 10350
813286 1183041
813286 7861312
813286 1183041
813286 10350
813286 1183041
813286 7861312
813286 16583672
813286 10350
813286 1183041
813286 7861312
813286 1183041
813286 10350
813286 7861312
813286 1183041
813286 7861312
813286 1183041
813286 7861312
813286 1183041
813286 7861312
813286 16583672
813286 10350
813286 7861312
813286 7861312
813286 10350
813286 16583672
813286 7861312
813286 1183041
813286 7861312
16637198 813286
16637198 26829539
26829539 17567533
17567533 120252183
17567533 15666380
17567533 813286
17567533 14824849
17567533 6141832
120252183 14824849
14824849 15439395
14824849 15439395
14824849 15439395
14824849 15439395
14824849 15439395
14824849 15439395
14824849 15439395
15439395 14824849
15439395 6572452
15439395 7081402
15439395 1183041
15439395 79797834
15439395 14824849
15439395 1183041
15439395 79797834
15439395 813286
15439395 1183041
15439395 79797834
15439395 813286
15439395 813286
15439395 14824849
15439395 1183041
15439395 79797834
15439395 1183041
15439395 14824849
15439395 813286
15439395 1183041
15439395 1183041
15439395 813286
15439395 14824849
15439395 1183041
15439395 1183041
15439395 1183041
15439395 14824849
15439395 79797834
15439395 1183041
15439395 1183041
15439395 7081402
15439395 6572452
15439395 1183041
15439395 14824849
15439395 813286
6572452 19489341
6572452 7081402
6572452 15661871
6572452 20661527
6572452 15439395
6572452 15439395
6572452 7081402
6572452 15661871
19489341 6572452
19489341 20661527
20661527 18602163
20661527 7081402
20661527 15666380
20661527 6572452
20661527 1183041
20661527 19489341
20661527 1183041
20661527 15666380
18602163 7081402
18602163 7861312
18602163 20661527
18602163 15439395
18602163 1183041
7081402 143244854
7081402 15666380
7081402 16908436
7081402 7861312
7081402 35918787
7081402 362286999
7081402 18602163
7081402 60101131
7081402 10350
7081402 15661871
7081402 16583672
7081402 20661527
7081402 1183041
7081402 15439395
7081402 7861312
7081402 16583672
7081402 362286999
7081402 1183041
7081402 16908436
7081402 7861312
7081402 79797834
7081402 19637934
7081402 813286
7081402 10350
7081402 7861312
7081402 1183041
7081402 1183041
7081402 10350
7081402 15661871
7081402 7861312
7081402 362286999
7081402 7861312
7081402 15666380
7081402 79797834
7081402 15661871
7081402 1183041
7081402 7861312
7081402 1183041
7081402 15666380
7081402 7861312
7081402 7861312
7081402 10350
7081402 362286999
7081402 15666380
7081402 16908436
7081402 10350
7081402 1183041
7081402 362286999
7081402 7861312
7081402 10350
7081402 1183041
7081402 15666380
7081402 7861312
7081402 10350
7081402 15661871
7081402 19637934
7081402 15666380
7081402 15661871
7081402 362286999
7081402 1183041
7081402 7861312
7081402 60101131
7081402 10350
7081402 15439395
7081402 143244854
143244854 60101131
143244854 10350
143244854 15666380
143244854 16583672
143244854 15661871
143244854 1183041
143244854 14824849
143244854 7081402
143244854 60101131
143244854 10350
143244854 15661871
143244854 1183041
143244854 60101131
143244854 15661871
143244854 60101131
143244854 15661871
143244854 15666380
143244854 60101131
143244854 15661871
143244854 1183041
143244854 1183041
143244854 60101131
143244854 15661871
143244854 15666380
143244854 15661871
143244854 1183041
143244854 60101131
143244854 15661871
143244854 15666380
143244854 60101131
143244854 10350
143244854 15661871
143244854 60101131
143244854 10350
143244854 7081402
143244854 1183041
143244854 15666380
143244854 15661871
60101131 1183041
60101131 7081402
60101131 15661871
60101131 143244854
60101131 15666380
60101131 143244854
60101131 1183041
60101131 15661871
60101131 143244854
60101131 15661871
60101131 143244854
60101131 15661871
60101131 15666380
60101131 15661871
60101131 15661871
60101131 143244854
60101131 1183041
60101131 15666380
60101131 15661871
60101131 15666380
60101131 143244854
60101131 1183041
60101131 15661871
60101131 143244854
60101131 15661871
60101131 15666380
60101131 143244854
60101131 15661871
60101131 7081402
60101131 15666380
60101131 143244854
60101131 1183041
60101131 15661871
1183041 362286999
1183041 15666380
1183041 7081402
1183041 16908436
1183041 15661871
1183041 143244854
1183041 10350
1183041 7861312
1183041 15913
1183041 15913
1183041 15913
1183041 7861312
1183041 7861312
1183041 10350
1183041 10350
1183041 7861312
1183041 143244854
1183041 15661871
1183041 362286999
1183041 10350
1183041 7861312
1183041 15666380
1183041 362286999
1183041 10350
1183041 7861312
1183041 15661871
1183041 7861312
1183041 7861312
1183041 15661871
1183041 362286999
1183041 7861312
1183041 7081402
1183041 16908436
1183041 15661871
1183041 7861312
1183041 15666380
1183041 10350
1183041 15661871
1183041 7861312
1183041 7861312
1183041 15666380
1183041 15661871
1183041 7861312
1183041 7861312
1183041 15913
1183041 10350
1183041 7081402
1183041 7861312
1183041 7861312
1183041 143244854
1183041 15666380
1183041 15661871
1183041 15913
1183041 7861312
1183041 10350
1183041 15913
1183041 7861312
1183041 7861312
1183041 10350
1183041 7081402
1183041 7861312
1183041 15661871
1183041 15661871
1183041 7861312
1183041 7861312
1183041 7861312
1183041 15913
1183041 7861312
1183041 15666380
1183041 15661871
1183041 7081402
1183041 143244854
1183041 15666380
1183041 15913
1183041 7861312
1183041 15661871
1183041 10350
1183041 7861312
1183041 143244854
1183041 15661871
1183041 15913
1183041 7861312
1183041 15913
1183041 15666380
1183041 7861312
1183041 7081402
1183041 7861312
1183041 7861312
1183041 7861312
1183041 362286999
1183041 7861312
1183041 15666380
1183041 15661871
1183041 7861312
1183041 15666380
1183041 16908436
1183041 362286999
1183041 15913
1183041 10350
1183041 7081402
1183041 15661871
1183041 7861312
1183041 15661871
1183041 7861312
1183041 7861312
1183041 362286999
1183041 10350
1183041 7861312
1183041 7081402
1183041 7861312
1183041 15661871
1183041 10350
1183041 15666380
1183041 143244854
1183041 15913
1183041 7081402
1183041 362286999
1183041 7861312
1183041 15661871
1183041 10350
1183041 7861312
1183041 15661871
362286999 7861312
362286999 10350
362286999 1183041
362286999 7081402
362286999 15666380
362286999 7861312
362286999 1183041
362286999 10350
362286999 7861312
362286999 1183041
362286999 10350
362286999 15666380
362286999 7861312
362286999 1183041
362286999 7081402
362286999 7861312
362286999 7861312
362286999 7861312
362286999 7081402
362286999 7861312
362286999 1183041
362286999 1183041
362286999 10350
362286999 7081402
362286999 15666380
362286999 7861312
362286999 1183041
362286999 10350
362286999 7081402
362286999 1183041
362286999 7081402
362286999 10350
362286999 15666380
362286999 7861312
7861312 15913
7861312 15666380
7861312 1183041
7861312 21158690
7861312 18445879
7861312 362286999
7861312 7081402
7861312 10350
7861312 16908436
7861312 15913
7861312 15666380
7861312 7081402
7861312 1183041
7861312 21158690
7861312 1183041
7861312 10350
7861312 1183041
7861312 10350
7861312 362286999
7861312 10350
7861312 1183041
7861312 362286999
7861312 15666380
7861312 1183041
7861312 10350
7861312 1183041
7861312 1183041
7861312 362286999
7861312 7081402
7861312 1183041
7861312 16908436
7861312 362286999
7861312 15913
7861312 1183041
7861312 15666380
7861312 1183041
7861312 10350
7861312 15913
7861312 1183041
7861312 15913
7861312 362286999
7861312 10350
7861312 15913
7861312 15666380
7861312 1183041
7861312 1183041
7861312 15913
7861312 1183041
7861312 7081402
7861312 10350
7861312 1183041
7861312 21158690
7861312 15913
7861312 15666380
7861312 1183041
7861312 15913
7861312 10350
7861312 1183041
7861312 21158690
7861312 1183041
7861312 7081402
7861312 10350
7861312 1183041
7861312 362286999
7861312 7081402
7861312 1183041
7861312 1183041
7861312 1183041
7861312 21158690
7861312 15913
7861312 10350
7861312 1183041
7861312 15913
7861312 15666380
7861312 1183041
7861312 15913
7861312 21158690
7861312 15913
7861312 1183041
7861312 15913
7861312 1183041
7861312 15913
7861312 21158690
7861312 10350
7861312 15666380
7861312 1183041
7861312 21158690
7861312 10350
7861312 16908436
7861312 1183041
7861312 7081402
7861312 7081402
7861312 15666380
7861312 1183041
7861312 15913
7861312 10350
7861312 1183041
7861312 1183041
7861312 362286999
7861312 21158690
7861312 15666380
7861312 1183041
7861312 10350
7861312 10350
7861312 15913
7861312 7081402
7861312 10350
7861312 15913
7861312 21158690
7861312 1183041
7861312 1183041
7861312 1183041
7861312 362286999
7861312 10350
7861312 1183041
7861312 7081402
7861312 1183041
7861312 15913
7861312 15666380
7861312 7081402
7861312 10350
7861312 15913
7861312 362286999
7861312 15666380
7861312 1183041
7861312 7081402
7861312 10350
7861312 10350
7861312 1183041
7861312 7081402
7861312 21158690
7861312 15913
7861312 1183041
7861312 18445879
7861312 15666380
7861312 16908436
7861312 362286999
7861312 10350
15913 10350
15913 7861312
15913 7861312
15913 10350
15913 10350
15913 7861312
15913 7861312
15913 7861312
15913 7861312
15913 10350
15913 7861312
15913 7861312
15913 10350
15913 7861312
15913 10350
15913 10350
15913 7861312
15913 7861312
15913 7861312
15913 7861312
15913 7861312
15913 10350
15913 7861312
15913 10350
15913 10350
15913 7861312
15913 7861312
15913 10350
15913 7861312
15913 10350
15913 7861312
15913 10350
15913 7861312
10350 15661871
10350 143244854
10350 7861312
10350 15913
10350 16908436
10350 1183041
10350 362286999
10350 15439395
10350 60101131
10350 7081402
10350 15666380
10350 15913
10350 15666380
10350 15913
10350 813286
10350 1183041
10350 7861312
10350 813286
10350 79797834
10350 1183041
10350 7861312
10350 15439395
10350 15661871
10350 143244854
10350 1183041
10350 362286999
10350 60101131
10350 15661871
10350 7861312
10350 1183041
10350 362286999
10350 15666380
10350 7861312
10350 813286
10350 15666380
10350 1183041
10350 15661871
10350 7861312
10350 813286
10350 7861312
10350 813286
10350 15913
10350 1183041
10350 7081402
10350 7861312
10350 1183041
10350 15913
10350 19637934
10350 7861312
10350 15913
10350 15661871
10350 7081402
10350 7861312
10350 1183041
10350 15913
10350 7861312
10350 1183041
10350 7861312
10350 15913
10350 813286
10350 16908436
10350 19637934
10350 15661871
10350 7861312
10350 15913
10350 7861312
10350 15913
10350 813286
10350 7861312
10350 19637934
10350 7861312
10350 15661871
10350 7081402
10350 7861312
10350 15666380
10350 1183041
10350 15913
10350 16908436
10350 362286999
10350 7081402
10350 60101131
10350 143244854
10350 15666380
10350 15661871
10350 79797834
10350 15661871
10350 1183041
10350 362286999
10350 7081402
10350 7861312
10350 19637934
10350 15913
10350 7081402
10350 15666380
10350 15661871
10350 7861312
10350 15661871
10350 15439395
10350 7081402
10350 15666380
10350 15913
10350 60101131
10350 143244854
10350 362286999
10350 1183041
10350 7861312
10350 1183041
10350 15439395
10350 15661871
10350 7861312
10350 19637934
15661871 60101131
15661871 15666380
15661871 143244854
15661871 7861312
15661871 7861312
15661871 143244854
15661871 60101131
15661871 143244854
15661871 60101131
15661871 7861312
15661871 79797834
15661871 7861312
15661871 60101131
15661871 7861312
15661871 143244854
15661871 7861312
15661871 15666380
15661871 60101131
15661871 15666380
15661871 60101131
15661871 15666380
15661871 143244854
15661871 60101131
15661871 7861312
15661871 15666380
15661871 7861312
15661871 7861312
15661871 7861312
15661871 15666380
15661871 79797834
15661871 15666380
15661871 143244854
15661871 15666380
15661871 60101131
15661871 7861312
15661871 143244854
15661871 7861312
15661871 7861312
15661871 7861312
15661871 15666380
15661871 143244854
15661871 60101131
15661871 143244854
15661871 15666380
15661871 60101131
15661871 7861312
15661871 7861312
15661871 79797834
15661871 7861312
15661871 15666380
15661871 60101131
15661871 15666380
15661871 143244854
15661871 7861312
15666380 16583672
15666380 14824849
15666380 10350
15666380 15661871
15666380 7861312
15666380 15439395
15666380 1183041
15666380 14824849
15666380 7861312
15666380 19637934
15666380 14824849
15666380 10350
15666380 10350
15666380 7861312
15666380 1183041
15666380 15661871
15666380 10350
15666380 7861312
15666380 1183041
15666380 19637934
15666380 15661871
15666380 14824849
15666380 15439395
15666380 15661871
15666380 1183041
15666380 7861312
15666380 15661871
15666380 7861312
15666380 1183041
15666380 15661871
15666380 15661871
15666380 1183041
15666380 7861312
15666380 15661871
15666380 1183041
15666380 7861312
15666380 1183041
15666380 7861312
15666380 14824849
15666380 15439395
15666380 15661871
15666380 7861312
15666380 1183041
15666380 15439395
15666380 10350
15666380 1183041
15666380 10350
15666380 15661871
15666380 19637934
15666380 10350
15666380 15661871
15666380 7861312
15666380 15439395
15666380 15661871
15666380 10350
15666380 7861312
15666380 1183041
16583672 35918787
16583672 7081402
16583672 15666380
16583672 20106852
16583672 16908436
16583672 7081402
16583672 16908436
16583672 813286
16583672 16908436
16583672 813286
16583672 813286
16583672 16908436
35918787 15666380
35918787 18927441
35918787 16583672
35918787 16908436
35918787 1183041
35918787 14824849
35918787 20106852
35918787 7861312
35918787 7081402
18927441 35918787
18927441 16098603
18927441 21158690
18927441 16098603
18927441 16098603
18927441 21158690
18927441 16098603
18927441 16098603
18927441 21158690
18927441 16098603
18927441 21158690
18927441 16098603
18927441 21158690
18927441 16098603
18927441 21158690
18927441 16098603
18927441 21158690
18927441 16098603
18927441 21158690
18927441 16098603
18927441 21158690
18927441 21158690
18927441 21158690
18927441 16098603
18927441 16098603
16098603 18445879
16098603 15665127
16098603 21158690
16098603 7861312
16098603 20747847
16098603 15913
16098603 1183041
16098603 20747847
16098603 1183041
16098603 15913
16098603 7861312
16098603 21158690
16098603 7861312
16098603 15913
16098603 21158690
16098603 7861312
16098603 15913
16098603 15913
16098603 15913
16098603 15913
16098603 15913
16098603 15913
16098603 20747847
16098603 21158690
16098603 20747847
16098603 7861312
16098603 15913
16098603 15913
16098603 21158690
16098603 15913
16098603 15913
16098603 7861312
16098603 18445879
16098603 15913
16098603 21158690
16098603 15913
16098603 7861312
18445879 18488495
18445879 15913
18445879 15666380
18445879 1183041
18445879 15661871
18445879 16098603
18445879 7861312
18445879 15913
18445879 15913
18445879 16098603
18445879 15666380
18445879 1183041
18445879 15913
18488495 7861312
18488495 20747847
18488495 15913
18488495 15661871
18488495 21158690
18488495 18445879
18488495 15666380
20747847 15665127
20747847 16098603
20747847 21158690
20747847 16098603
20747847 21158690
20747847 21158690
20747847 15665127
20747847 21158690
20747847 16098603
20747847 16098603
20747847 21158690
20747847 21158690
20747847 21158690
20747847 21158690
20747847 21158690
20747847 21158690
20747847 15665127
20747847 21158690
20747847 21158690
20747847 21158690
15665127 21158690
15665127 16098603
15665127 21158690
15665127 21158690
15665127 16098603
15665127 21158690
21158690 16908436
21158690 20747847
21158690 18927441
21158690 18927441
21158690 18927441
21158690 20747847
21158690 18927441
21158690 20747847
21158690 20747847
21158690 20747847
21158690 18927441
21158690 20747847
21158690 18927441
21158690 20747847
21158690 20747847
21158690 18927441
21158690 20747847
21158690 20747847
21158690 18927441
21158690 18927441
21158690 20747847
21158690 20747847
21158690 18927441
21158690 20747847
21158690 16908436
21158690 18927441
16908436 15439395
16908436 362286999
16908436 20106852
16908436 7861312
16908436 10350
16908436 15666380
16908436 7081402
16908436 16583672
16908436 1183041
16908436 1183041
16908436 362286999
16908436 16583672
16908436 7861312
16908436 7081402
16908436 7861312
16908436 10350
16908436 16583672
16908436 16583672
16908436 362286999
16908436 10350
16908436 1183041
16908436 15666380
16908436 7081402
20106852 35918787
20106852 16908436
20106852 16583672
20106852 7861312
20106852 21158690
20106852 7861312
20106852 21158690
20106852 7861312
20106852 7861312
20106852 21158690
20106852 7861312
