15666380 16583672
15666380 14824849
15666380 10350
15666380 7453822
15666380 15661871
15666380 7861312
15666380 15439395
15666380 1183041
15666380 4620451
15666380 14824849
15666380 18713254
15666380 50374439
15666380 115485051
15666380 7861312
15666380 23027237
15666380 14824849
15666380 10350
15666380 4620451
15666380 115485051
15666380 115485051
15666380 10350
15666380 7861312
15666380 1183041
15666380 15661871
15666380 10350
15666380 4620451
15666380 7861312
15666380 1183041
15666380 115485051
15666380 15661871
15666380 7453822
15666380 18713254
15666380 115485051
15666380 14824849
15666380 15439395
15666380 15661871
15666380 1183041
15666380 7861312
15666380 115485051
15666380 15661871
15666380 7861312
15666380 1183041
15666380 4620451
15666380 15661871
15666380 15661871
15666380 1183041
15666380 7861312
15666380 15661871
15666380 1183041
15666380 18713254
15666380 7861312
15666380 1183041
15666380 7861312
15666380 115485051
15666380 18713254
15666380 115485051
15666380 6539592
15666380 14824849
15666380 15439395
15666380 15661871
15666380 50374439
15666380 7861312
15666380 1183041
15666380 15439395
15666380 10350
15666380 7453822
15666380 18713254
15666380 4620451
15666380 1183041
15666380 10350
15666380 15661871
15666380 115485051
15666380 18713254
15666380 115485051
15666380 10350
15666380 15661871
15666380 7861312
15666380 4620451
15666380 15439395
15666380 15661871
15666380 18713254
15666380 115485051
15666380 10350
15666380 7861312
15666380 1183041
16583672 35918787
16583672 15666380
16583672 16908436
16583672 16908436
16583672 146290693
16583672 115485051
16583672 16908436
16583672 16908436
16583672 115485051
35918787 15666380
35918787 18927441
35918787 16786977
35918787 16583672
35918787 16908436
35918787 1183041
35918787 14824849
35918787 18501326
35918787 7861312
18927441 35918787
18927441 16098603
18927441 16909832
18927441 21158690
18927441 18501326
18927441 16098603
18927441 16098603
18927441 21158690
18927441 16098603
18927441 16098603
18927441 16909832
18927441 21158690
18927441 18501326
18927441 16098603
18927441 21158690
18927441 16098603
18927441 21158690
18927441 16098603
18927441 21158690
18927441 16098603
18927441 21158690
18927441 16098603
18927441 21158690
18927441 16098603
18927441 21158690
18927441 21158690
18927441 18501326
18927441 21158690
18927441 16098603
18927441 16098603
16098603 18445879
16098603 28202547
16098603 21158690
16098603 7861312
16098603 15913
16098603 1183041
16098603 16786977
16098603 1183041
16098603 15913
16098603 7861312
16098603 21158690
16098603 7861312
16098603 15913
16098603 16786977
16098603 21158690
16098603 7861312
16098603 15913
16098603 15913
16098603 15134782
16098603 15913
16098603 15913
16098603 15913
16098603 15913
16098603 21158690
16098603 16786977
16098603 7861312
16098603 15913
16098603 15913
16098603 15134782
16098603 21158690
16098603 15913
16098603 16786977
16098603 15913
16098603 7861312
16098603 18445879
16098603 15913
16098603 21158690
16098603 15913
16098603 7861312
18445879 18488495
18445879 15913
18445879 130897520
18445879 28202547
18445879 16909832
18445879 15666380
18445879 1183041
18445879 15661871
18445879 16098603
18445879 16786977
18445879 7861312
18445879 15913
18445879 15913
18445879 16098603
18445879 15666380
18445879 1183041
18445879 15913
18488495 7861312
18488495 15913
18488495 15661871
18488495 21158690
18488495 18445879
18488495 15666380
7861312 15913
7861312 15666380
7861312 344334227
7861312 1183041
7861312 21158690
7861312 18445879
7861312 362286999
7861312 10350
7861312 16908436
7861312 7453822
7861312 15913
7861312 15666380
7861312 18713254
7861312 18713254
7861312 4620451
7861312 1183041
7861312 21158690
7861312 18713254
7861312 1183041
7861312 10350
7861312 18713254
7861312 1183041
7861312 10350
7861312 362286999
7861312 10350
7861312 1183041
7861312 362286999
7861312 15666380
7861312 1183041
7861312 10350
7861312 18713254
7861312 4620451
7861312 1183041
7861312 18713254
7861312 1183041
7861312 362286999
7861312 18713254
7861312 1183041
7861312 16908436
7861312 362286999
7861312 15913
7861312 1183041
7861312 15666380
7861312 19658826
7861312 4620451
7861312 1183041
7861312 10350
7861312 15913
7861312 1183041
7861312 15913
7861312 362286999
7861312 18713254
7861312 10350
7861312 15913
7861312 15666380
7861312 1183041
7861312 1183041
7861312 15913
7861312 1183041
7861312 10350
7861312 7453822
7861312 18713254
7861312 1183041
7861312 21158690
7861312 15913
7861312 15666380
7861312 1183041
7861312 15913
7861312 10350
7861312 1183041
7861312 21158690
7861312 1183041
7861312 10350
7861312 1183041
7861312 7453822
7861312 362286999
7861312 4620451
7861312 18713254
7861312 1183041
7861312 1183041
7861312 1183041
7861312 21158690
7861312 15913
7861312 10350
7861312 1183041
7861312 15913
7861312 15666380
7861312 1183041
7861312 15913
7861312 21158690
7861312 15913
7861312 1183041
7861312 15913
7861312 1183041
7861312 15913
7861312 21158690
7861312 10350
7861312 15666380
7861312 18713254
7861312 1183041
7861312 21158690
7861312 10350
7861312 16908436
7861312 1183041
7861312 15666380
7861312 1183041
7861312 15913
7861312 10350
7861312 1183041
7861312 1183041
7861312 362286999
7861312 21158690
7861312 15666380
7861312 18713254
7861312 1183041
7861312 18713254
7861312 10350
7861312 10350
7861312 15913
7861312 10350
7861312 15913
7861312 18713254
7861312 21158690
7861312 18713254
7861312 1183041
7861312 1183041
7861312 1183041
7861312 362286999
7861312 10350
7861312 4620451
7861312 1183041
7861312 4620451
7861312 1183041
7861312 15913
7861312 15666380
7861312 18713254
7861312 10350
7861312 4620451
7861312 15913
7861312 18713254
7861312 362286999
7861312 15666380
7861312 1183041
7861312 10350
7861312 10350
7861312 1183041
7861312 344334227
7861312 21158690
7861312 15913
7861312 19658826
7861312 7453822
7861312 1183041
7861312 18445879
7861312 15666380
7861312 16908436
7861312 18713254
7861312 4620451
7861312 362286999
7861312 10350
15913 10350
15913 7861312
15913 7861312
15913 10350
15913 10350
15913 7861312
15913 7861312
15913 7861312
15913 7861312
15913 10350
15913 7861312
15913 7861312
15913 10350
15913 7861312
15913 10350
15913 10350
15913 7861312
15913 7861312
15913 7861312
15913 7861312
15913 7861312
15913 10350
15913 7861312
15913 10350
15913 10350
15913 7861312
15913 7861312
15913 10350
15913 7861312
15913 10350
15913 7861312
15913 10350
15913 7861312
10350 15661871
10350 7861312
10350 15913
10350 16908436
10350 1183041
10350 362286999
10350 15439395
10350 7453822
10350 60101131
10350 15666380
10350 3829151
10350 115485051
10350 50393960
10350 15913
10350 15666380
10350 15913
10350 115485051
10350 3829151
10350 1183041
10350 7861312
10350 115485051
10350 3829151
10350 79797834
10350 1183041
10350 7861312
10350 4620451
10350 3829151
10350 15439395
10350 15661871
10350 115485051
10350 3829151
10350 1183041
10350 362286999
10350 60101131
10350 15661871
10350 7861312
10350 50393960
10350 115485051
10350 3829151
10350 1183041
10350 362286999
10350 15666380
10350 7861312
10350 3829151
10350 3829151
10350 50393960
10350 3829151
10350 15666380
10350 4620451
10350 1183041
10350 15661871
10350 7861312
10350 3829151
10350 50393960
10350 15473958
10350 7861312
10350 7453822
10350 15913
10350 1183041
10350 7861312
10350 115485051
10350 3829151
10350 1183041
10350 15913
10350 15227791
10350 7861312
10350 3829151
10350 15913
10350 7453822
10350 15661871
10350 7861312
10350 1183041
10350 3829151
10350 15913
10350 7861312
10350 50393960
10350 115485051
10350 4620451
10350 1183041
10350 15473958
10350 7861312
10350 15913
10350 3829151
10350 115485051
10350 16908436
10350 15661871
10350 7861312
10350 15913
10350 7861312
10350 15913
10350 50393960
10350 7861312
10350 115485051
10350 7861312
10350 3829151
10350 3829151
10350 4620451
10350 50393960
10350 15661871
10350 3829151
10350 7861312
10350 15666380
10350 7453822
10350 4620451
10350 1183041
10350 15913
10350 16908436
10350 362286999
10350 60101131
10350 15666380
10350 15661871
10350 115485051
10350 3829151
10350 4620451
10350 79797834
10350 15661871
10350 4620451
10350 1183041
10350 362286999
10350 7861312
10350 115485051
10350 3829151
10350 50393960
10350 15913
10350 15666380
10350 15661871
10350 7861312
10350 15661871
10350 115485051
10350 4620451
10350 15439395
10350 15666380
10350 15913
10350 60101131
10350 362286999
10350 1183041
10350 7861312
10350 115485051
10350 3829151
10350 4620451
10350 1183041
10350 15439395
10350 15661871
10350 7861312
10350 115485051
10350 3829151
15661871 60101131
15661871 15666380
15661871 7861312
15661871 4620451
15661871 3829151
15661871 7861312
15661871 3829151
15661871 60101131
15661871 60101131
15661871 18713254
15661871 7861312
15661871 4620451
15661871 79797834
15661871 18713254
15661871 7861312
15661871 3829151
15661871 60101131
15661871 3829151
15661871 7861312
15661871 7861312
15661871 4620451
15661871 15666380
15661871 60101131
15661871 15666380
15661871 60101131
15661871 18713254
15661871 15666380
15661871 18713254
15661871 60101131
15661871 7861312
15661871 15666380
15661871 7861312
15661871 18713254
15661871 7861312
15661871 7861312
15661871 4620451
15661871 15666380
15661871 79797834
15661871 15666380
15661871 15666380
15661871 60101131
15661871 7861312
15661871 7861312
15661871 7861312
15661871 7861312
15661871 18713254
15661871 15666380
15661871 50374439
15661871 18713254
15661871 18713254
15661871 60101131
15661871 4620451
15661871 3829151
15661871 15666380
15661871 60101131
15661871 7861312
15661871 7861312
15661871 4620451
15661871 3829151
15661871 79797834
15661871 18713254
15661871 3829151
15661871 7861312
15661871 15666380
15661871 60101131
15661871 4620451
15661871 18713254
15661871 15666380
15661871 7861312
15661871 4620451
15661871 3829151
15661871 4620451
60101131 1183041
60101131 15661871
60101131 15666380
60101131 1183041
60101131 15661871
60101131 15661871
60101131 15661871
60101131 15666380
60101131 115485051
60101131 15661871
60101131 15661871
60101131 115485051
60101131 1183041
60101131 15666380
60101131 15661871
60101131 15666380
60101131 1183041
60101131 15661871
60101131 115485051
60101131 18713254
60101131 15661871
60101131 15666380
60101131 115485051
60101131 15661871
60101131 15666380
60101131 115485051
60101131 1183041
60101131 18713254
60101131 15661871
1183041 362286999
1183041 15666380
1183041 16908436
1183041 15661871
1183041 10350
1183041 7861312
1183041 15913
1183041 15913
1183041 15913
1183041 115485051
1183041 7861312
1183041 115485051
1183041 18713254
1183041 7861312
1183041 10350
1183041 115485051
1183041 18713254
1183041 10350
1183041 7861312
1183041 115485051
1183041 15661871
1183041 362286999
1183041 10350
1183041 7861312
1183041 115485051
1183041 15666380
1183041 362286999
1183041 10350
1183041 7861312
1183041 115485051
1183041 4620451
1183041 18713254
1183041 15661871
1183041 4620451
1183041 7861312
1183041 18713254
1183041 7861312
1183041 15661871
1183041 115485051
1183041 15473958
1183041 362286999
1183041 18713254
1183041 7861312
1183041 16908436
1183041 115485051
1183041 15661871
1183041 7861312
1183041 15666380
1183041 10350
1183041 4620451
1183041 15661871
1183041 7861312
1183041 7861312
1183041 115485051
1183041 18713254
1183041 15666380
1183041 15661871
1183041 7861312
1183041 7861312
1183041 15913
1183041 10350
1183041 7861312
1183041 18713254
1183041 7861312
1183041 15666380
1183041 115485051
1183041 15661871
1183041 15913
1183041 7861312
1183041 115485051
1183041 10350
1183041 15913
1183041 7861312
1183041 7861312
1183041 10350
1183041 7861312
1183041 15661871
1183041 115485051
1183041 15661871
1183041 18713254
1183041 7861312
1183041 7861312
1183041 7861312
1183041 15913
1183041 115485051
1183041 7861312
1183041 15666380
1183041 15661871
1183041 15666380
1183041 15913
1183041 7861312
1183041 15661871
1183041 4620451
1183041 115485051
1183041 15473958
1183041 10350
1183041 7861312
1183041 15661871
1183041 15913
1183041 7861312
1183041 15913
1183041 15666380
1183041 18713254
1183041 7861312
1183041 7861312
1183041 115485051
1183041 7861312
1183041 115485051
1183041 7861312
1183041 115485051
1183041 362286999
1183041 7861312
1183041 15666380
1183041 115485051
1183041 15661871
1183041 18713254
1183041 7861312
1183041 115485051
1183041 4620451
1183041 18713254
1183041 15666380
1183041 16908436
1183041 362286999
1183041 15913
1183041 10350
1183041 4620451
1183041 15661871
1183041 7861312
1183041 15661871
1183041 7861312
1183041 7861312
1183041 362286999
1183041 10350
1183041 7861312
1183041 4620451
1183041 4620451
1183041 7861312
1183041 15661871
1183041 18713254
1183041 10350
1183041 15666380
1183041 15913
1183041 4620451
1183041 115485051
1183041 362286999
1183041 7861312
1183041 115485051
1183041 15661871
1183041 10350
1183041 4620451
1183041 7861312
1183041 4620451
1183041 15661871
1183041 15473958
362286999 7861312
362286999 10350
362286999 16786977
362286999 7453822
362286999 1183041
362286999 15666380
362286999 7861312
362286999 16786977
362286999 1183041
362286999 10350
362286999 7861312
362286999 1183041
362286999 10350
362286999 15666380
362286999 7861312
362286999 16786977
362286999 1183041
362286999 7861312
362286999 7861312
362286999 7861312
362286999 4620451
362286999 7861312
362286999 1183041
362286999 4620451
362286999 7453822
362286999 1183041
362286999 10350
362286999 15666380
362286999 7861312
362286999 4620451
362286999 1183041
362286999 10350
362286999 1183041
362286999 4620451
362286999 10350
362286999 15666380
362286999 7861312
16786977 16900044
16900044 16786977
7453822 15666380
7453822 344334227
7453822 7861312
7453822 21158690
7453822 16908436
7453822 362286999
7453822 16583672
7453822 10350
7453822 15666380
7453822 7861312
7453822 10350
7453822 10350
7453822 7861312
7453822 344334227
7453822 15666380
7453822 10350
7453822 16908436
7453822 21158690
7453822 362286999
344334227 19507713
344334227 7861312
344334227 1183041
344334227 1183041
19507713 317846921
19507713 16909832
19507713 243058696
19507713 18927441
19507713 351671009
19507713 344334227
19507713 130897520
19507713 8207762
19507713 300599613
19507713 15271920
19507713 28202547
19507713 243058696
19507713 16909832
19507713 351671009
19507713 300599613
317846921 130897520
317846921 16786977
317846921 7861312
317846921 18927441
317846921 19507713
317846921 21158690
317846921 351671009
317846921 28202547
317846921 15271920
130897520 7861312
130897520 16909832
130897520 15913
130897520 18501326
130897520 243058696
130897520 344334227
130897520 18445879
130897520 21158690
130897520 18927441
130897520 15271920
130897520 28202547
130897520 300599613
130897520 8207762
130897520 19507713
130897520 351671009
130897520 243058696
130897520 21158690
130897520 18927441
130897520 28202547
130897520 15913
16909832 18501326
16909832 28202547
16909832 130897520
16909832 7861312
16909832 351671009
16909832 18445879
16909832 15913
16909832 243058696
16909832 8207762
16909832 15271920
16909832 21158690
16909832 19507713
16909832 18927441
16909832 300599613
16909832 18927441
16909832 15913
16909832 18501326
16909832 351671009
16909832 19507713
16909832 300599613
16909832 243058696
16909832 21158690
18501326 243058696
18501326 10350
18501326 14824849
18501326 130897520
18501326 28202547
18501326 300599613
18501326 21158690
18501326 243058696
18501326 300599613
18501326 21158690
18501326 21158690
18501326 115485051
243058696 300599613
243058696 18501326
243058696 344334227
243058696 8207762
243058696 7861312
243058696 21158690
243058696 351671009
243058696 28202547
243058696 130897520
243058696 300599613
243058696 351671009
243058696 18501326
243058696 21158690
243058696 21158690
243058696 28202547
243058696 130897520
300599613 16909832
300599613 28202547
300599613 21158690
300599613 243058696
300599613 19507713
300599613 130897520
300599613 18501326
300599613 21158690
300599613 16909832
300599613 243058696
300599613 19507713
300599613 18501326
300599613 21158690
28202547 8207762
28202547 130897520
28202547 15271920
28202547 18501326
28202547 15439395
28202547 15913
28202547 21158690
28202547 15913
28202547 130897520
28202547 21158690
28202547 5402612
28202547 15439395
28202547 15913
8207762 1183041
8207762 351671009
8207762 7861312
8207762 28202547
8207762 21158690
8207762 16909832
8207762 18927441
8207762 15271920
8207762 19507713
8207762 15913
8207762 130897520
351671009 15271920
351671009 300599613
351671009 15439395
351671009 21158690
351671009 243058696
351671009 19507713
351671009 130897520
351671009 344334227
351671009 16909832
351671009 28202547
351671009 14824849
351671009 300599613
351671009 21158690
351671009 16909832
351671009 243058696
351671009 19507713
15271920 16786977
15271920 19507713
15271920 8207762
15271920 21158690
15271920 362286999
15271920 28202547
15271920 130897520
15271920 7861312
15271920 1183041
15271920 16909832
15271920 351671009
15271920 16786977
15271920 21158690
15271920 21158690
15271920 362286999
15271920 115485051
15271920 7861312
15271920 1183041
21158690 16908436
21158690 243058696
21158690 18927441
21158690 18501326
21158690 16909832
21158690 8207762
21158690 18927441
21158690 243058696
21158690 18501326
21158690 16909832
21158690 18501326
21158690 18927441
21158690 18927441
21158690 18927441
21158690 18927441
21158690 18927441
21158690 18927441
21158690 243058696
21158690 18927441
21158690 18927441
21158690 16908436
21158690 18927441
16908436 15439395
16908436 362286999
16908436 7861312
16908436 7453822
16908436 10350
16908436 15666380
16908436 16583672
16908436 1183041
16908436 1183041
16908436 362286999
16908436 16583672
16908436 7861312
16908436 18713254
16908436 7861312
16908436 10350
16908436 16583672
16908436 115485051
16908436 18713254
16908436 16583672
16908436 7453822
16908436 362286999
16908436 10350
16908436 18713254
16908436 19658826
16908436 1183041
16908436 15666380
15439395 14824849
15439395 1183041
15439395 18713254
15439395 3829151
15439395 18948541
15439395 79797834
15439395 3829151
15439395 14824849
15439395 1183041
15439395 79797834
15439395 15227791
15439395 18713254
15439395 1183041
15439395 79797834
15439395 18713254
15439395 18948541
15439395 14824849
15439395 1183041
15439395 15227791
15439395 79797834
15439395 15227791
15439395 18713254
15439395 18948541
15439395 1183041
15439395 14824849
15439395 3829151
15439395 15227791
15439395 18713254
15439395 18713254
15439395 1183041
15439395 1183041
15439395 14824849
15439395 1183041
15439395 1183041
15439395 18713254
15439395 15227791
15439395 1183041
15439395 50374439
15439395 14824849
15439395 18948541
15439395 18948541
15439395 79797834
15439395 1183041
15439395 18713254
15439395 3829151
15439395 18713254
15439395 1183041
15439395 18713254
15439395 3829151
15439395 1183041
15439395 14824849
15439395 18713254
14824849 15439395
14824849 18948541
14824849 115485051
14824849 3829151
14824849 115485051
14824849 115485051
14824849 115485051
14824849 3829151
14824849 15439395
14824849 115485051
14824849 18948541
14824849 115485051
14824849 115485051
14824849 18948541
14824849 50374439
14824849 115485051
14824849 18948541
14824849 15439395
14824849 115485051
14824849 50374439
14824849 115485051
14824849 115485051
14824849 115485051
14824849 18948541
14824849 15439395
14824849 115485051
14824849 115485051
14824849 3829151
14824849 18948541
14824849 115485051
14824849 15439395
14824849 50374439
14824849 115485051
14824849 18948541
14824849 18948541
14824849 115485051
14824849 18948541
14824849 115485051
14824849 50374439
14824849 115485051
14824849 15439395
14824849 115485051
14824849 3829151
14824849 115485051
14824849 15439395
18948541 14824849
18948541 15143478
18948541 1183041
18948541 14824849
18948541 115485051
18948541 115485051
18948541 14824849
18948541 1183041
18948541 115485051
18948541 14824849
18948541 115485051
18948541 1183041
18948541 115485051
18948541 1183041
18948541 115485051
18948541 14824849
18948541 15143478
18948541 115485051
18948541 14824849
18948541 23027237
18948541 14824849
18948541 115485051
18948541 14824849
18948541 115485051
18948541 14824849
18948541 15143478
18948541 23027237
18948541 115485051
18948541 23027237
18948541 115485051
18948541 115485051
15143478 4620451
15143478 4620451
4620451 15473958
4620451 8963722
4620451 138725262
4620451 15820660
4620451 15666380
4620451 18948541
4620451 15473958
4620451 8963722
4620451 7861312
4620451 15473958
4620451 15666380
4620451 138725262
4620451 8963722
4620451 10350
4620451 15661871
4620451 1183041
4620451 15661871
4620451 7861312
4620451 1183041
4620451 15473958
4620451 15820660
4620451 10350
4620451 15661871
4620451 15666380
4620451 7861312
4620451 1183041
4620451 8963722
4620451 15473958
4620451 8963722
4620451 7861312
4620451 18948541
4620451 8963722
4620451 15661871
4620451 15666380
4620451 15473958
4620451 10350
4620451 8963722
4620451 15473958
4620451 1183041
4620451 15473958
4620451 15820660
4620451 8963722
4620451 15473958
4620451 138725262
4620451 15820660
4620451 15820660
4620451 15473958
4620451 8963722
4620451 10350
4620451 15661871
4620451 756278
4620451 1183041
4620451 10350
4620451 15666380
4620451 1183041
4620451 10350
4620451 15661871
4620451 10350
4620451 7861312
4620451 1183041
4620451 7861312
4620451 1183041
4620451 15661871
4620451 1183041
4620451 7861312
4620451 60101131
4620451 10350
4620451 15666380
4620451 10350
4620451 15661871
4620451 1183041
4620451 1183041
4620451 15473958
4620451 15661871
15473958 8963722
15473958 19658826
15473958 4620451
15473958 4620451
15473958 8963722
15473958 4620451
15473958 15666380
15473958 19658826
15473958 4620451
15473958 1183041
15473958 10350
15473958 4620451
15473958 15661871
15473958 8963722
15473958 15661871
15473958 15666380
15473958 19658826
15473958 4620451
15473958 1183041
15473958 8963722
15473958 19658826
15473958 4620451
15473958 10350
15473958 19658826
15473958 4620451
15473958 8963722
15473958 4620451
15473958 19658826
15473958 8963722
15473958 4620451
15473958 1183041
15473958 15661871
15473958 4620451
15473958 4620451
15473958 19658826
15473958 7861312
15473958 15666380
15473958 8963722
15473958 15661871
15473958 10350
15473958 1183041
8963722 19658826
8963722 15666380
8963722 19658826
8963722 15666380
8963722 15666380
8963722 19658826
8963722 19658826
8963722 19658826
19658826 9852542
19658826 15473958
19658826 4620451
19658826 8963722
19658826 20427778
19658826 15473958
19658826 1183041
19658826 7861312
19658826 4620451
19658826 8963722
19658826 8963722
19658826 4620451
19658826 15473958
19658826 1183041
19658826 15473958
19658826 4620451
19658826 8963722
19658826 15473958
19658826 4620451
19658826 15473958
19658826 20427778
19658826 4620451
19658826 8963722
19658826 15439395
19658826 15143478
19658826 1183041
19658826 18713254
19658826 4620451
9852542 82853372
9852542 15473958
9852542 4620451
9852542 15473958
9852542 4620451
9852542 82853372
82853372 138725262
82853372 138725262
82853372 138725262
82853372 138725262
138725262 15820660
138725262 8963722
138725262 4620451
138725262 20427778
138725262 4620451
138725262 8963722
138725262 15820660
138725262 8963722
138725262 15820660
138725262 4620451
138725262 20427778
15820660 20427778
15820660 8963722
15820660 4620451
15820660 19658826
15820660 4620451
15820660 19658826
15820660 4620451
15820660 19658826
15820660 19658826
15820660 8963722
15820660 20427778
15820660 19658826
15820660 4620451
15820660 4620451
20427778 5402612
20427778 19658826
20427778 19658826
5402612 612473
5402612 612473
5402612 612473
612473 5402612
612473 8170292
612473 5402612
612473 5402612
612473 19294743
612473 8170292
612473 21642976
612473 14157134
612473 21642976
612473 192318065
612473 19294743
612473 8170292
612473 5402612
612473 14157134
8170292 115897650
8170292 14157134
8170292 21642976
8170292 50284910
8170292 781674
8170292 50393960
8170292 612473
8170292 5402612
8170292 15439395
8170292 14157134
8170292 5402612
8170292 14157134
8170292 21642976
8170292 5402612
8170292 14157134
8170292 21642976
8170292 612473
8170292 5402612
115897650 14157134
14157134 313459249
14157134 8170292
14157134 451586190
14157134 313459249
14157134 8170292
14157134 451586190
14157134 8170292
14157134 8170292
313459249 21642976
313459249 50284910
313459249 192318065
313459249 14157134
313459249 14157134
21642976 50284910
21642976 451586190
21642976 313459249
21642976 8170292
21642976 781674
21642976 19294743
21642976 14157134
21642976 192318065
21642976 19294743
21642976 14157134
21642976 192318065
21642976 5402612
21642976 8170292
21642976 19294743
21642976 14157134
21642976 612473
21642976 5402612
21642976 8170292
50284910 781674
50284910 14515799
50284910 50393960
50284910 313459249
50284910 115897650
50284910 14157134
50284910 8170292
50284910 21642976
781674 19294743
781674 313459249
781674 8170292
781674 451586190
781674 14157134
781674 50284910
781674 14515799
19294743 74264602
74264602 192318065
74264602 313459249
192318065 14515799
192318065 19294743
192318065 14157134
192318065 74264602
192318065 313459249
192318065 451586190
192318065 21642976
192318065 19294743
192318065 5402612
192318065 21642976
192318065 14157134
14515799 14157134
14515799 451586190
14515799 451586190
14515799 79797834
14515799 14677919
14515799 79797834
14515799 79797834
451586190 50393960
451586190 50393960
50393960 24741685
50393960 24741685
50393960 24741685
50393960 24741685
50393960 24741685
50393960 24741685
50393960 24741685
24741685 15913
24741685 20534486
24741685 50393960
24741685 15670515
24741685 15913
24741685 50393960
24741685 15670515
24741685 15913
24741685 50393960
24741685 50393960
24741685 50393960
24741685 15670515
24741685 15913
24741685 50393960
24741685 50393960
24741685 15670515
24741685 15913
20534486 15670515
15670515 17790274
15670515 14118444
15670515 24741685
15670515 50393960
15670515 10350
15670515 20534486
15670515 15913
15670515 3829151
15670515 17790274
15670515 15913
15670515 15913
15670515 7861312
15670515 15913
15670515 7861312
15670515 1183041
15670515 50393960
15670515 15666380
15670515 24741685
15670515 15913
15670515 10350
15670515 50393960
15670515 756278
15670515 3829151
15670515 15913
15670515 50393960
15670515 24741685
15670515 7861312
15670515 15913
15670515 50393960
15670515 24741685
17790274 8131122
17790274 15670515
17790274 17524072
17790274 15670515
8131122 17524072
8131122 3829151
8131122 115485051
8131122 1183041
8131122 115485051
8131122 1183041
8131122 115485051
8131122 3829151
8131122 15661871
17524072 3829151
17524072 17790274
17524072 8131122
17524072 115485051
3829151 2154171
3829151 756278
3829151 15134782
3829151 50393960
3829151 8131122
3829151 10350
3829151 115485051
3829151 17790274
3829151 15439395
3829151 115485051
3829151 756278
3829151 1183041
3829151 14824849
3829151 756278
3829151 7861312
3829151 115485051
3829151 10350
3829151 1183041
3829151 115485051
3829151 7861312
3829151 10350
3829151 79797834
3829151 15439395
3829151 14824849
3829151 15661871
3829151 10350
3829151 4620451
3829151 115485051
3829151 1183041
3829151 15661871
3829151 7861312
3829151 10350
3829151 7861312
3829151 1183041
3829151 15666380
3829151 115485051
3829151 7861312
3829151 10350
3829151 10350
3829151 50393960
3829151 10350
3829151 10350
3829151 18948541
3829151 15661871
3829151 756278
3829151 14677919
3829151 15661871
3829151 15227791
3829151 50393960
3829151 10350
3829151 1183041
3829151 115485051
3829151 15227791
3829151 7861312
3829151 10350
3829151 10350
3829151 15439395
3829151 14824849
3829151 115485051
3829151 15134782
3829151 50393960
3829151 1183041
3829151 10350
3829151 756278
3829151 10350
3829151 2154171
3829151 10350
3829151 50393960
3829151 15661871
3829151 756278
3829151 4620451
3829151 10350
3829151 10350
3829151 15439395
3829151 15661871
3829151 10350
3829151 4620451
3829151 79797834
3829151 15666380
3829151 50393960
3829151 15661871
3829151 115485051
3829151 7861312
3829151 10350
3829151 756278
3829151 1183041
3829151 14824849
3829151 15661871
3829151 115485051
3829151 10350
3829151 15439395
3829151 8131122
3829151 4620451
3829151 115485051
3829151 10350
2154171 14118444
2154171 3829151
2154171 14118444
2154171 10350
2154171 3829151
2154171 10350
14118444 29873662
14118444 3829151
14118444 2154171
14118444 3829151
14118444 15670515
14118444 3829151
14118444 14824849
14118444 3829151
14118444 3829151
14118444 14824849
14118444 3829151
14118444 3829151
14118444 3829151
14118444 3829151
14118444 2154171
14118444 3829151
14118444 14824849
14118444 3829151
29873662 15661911
15661911 20660146
15661911 756278
15661911 15134782
15661911 3829151
20660146 756278
20660146 15134782
20660146 15661911
756278 15134782
756278 15661911
756278 3829151
756278 20660146
756278 3829151
756278 3829151
756278 3829151
756278 3829151
756278 15670515
756278 4620451
756278 3829151
756278 3829151
15134782 18713254
15134782 115485051
15134782 20660146
15134782 115485051
15134782 14824849
15134782 115485051
15134782 115485051
15134782 14824849
15134782 16098603
15134782 14824849
15134782 115485051
15134782 16098603
15134782 115485051
15134782 115485051
15134782 18713254
15134782 15439395
15134782 18713254
15134782 115485051
15134782 18713254
15134782 115485051
15134782 18713254
15134782 15439395
18713254 15227791
18713254 50374439
18713254 15666380
18713254 115485051
18713254 7861312
18713254 15439395
18713254 115485051
18713254 7861312
18713254 115485051
18713254 7861312
18713254 14824849
18713254 1183041
18713254 115485051
18713254 7861312
18713254 1183041
18713254 115485051
18713254 15661871
18713254 15439395
18713254 7861312
18713254 15227791
18713254 1183041
18713254 5402612
18713254 1183041
18713254 15661871
18713254 7861312
18713254 1183041
18713254 16786977
18713254 7861312
18713254 146290693
18713254 115485051
18713254 15661871
18713254 15439395
18713254 15666380
18713254 115485051
18713254 14824849
18713254 1183041
18713254 7861312
18713254 50374439
18713254 115485051
18713254 14824849
18713254 14824849
18713254 115485051
18713254 15661871
18713254 1183041
18713254 7861312
18713254 5402612
18713254 15661871
18713254 15439395
18713254 115485051
18713254 7861312
18713254 15227791
18713254 14824849
18713254 1183041
18713254 14824849
18713254 5402612
18713254 15227791
18713254 15439395
18713254 15439395
18713254 15227791
18713254 15666380
18713254 7861312
18713254 1183041
18713254 15227791
18713254 15661871
18713254 15227791
18713254 50374439
18713254 15439395
18713254 115485051
18713254 15666380
18713254 7861312
18713254 14824849
18713254 1183041
18713254 16786977
18713254 7861312
18713254 115485051
18713254 15661871
18713254 115485051
18713254 15661871
18713254 15439395
18713254 115485051
18713254 115485051
18713254 5402612
18713254 50374439
18713254 115485051
18713254 15666380
18713254 1183041
18713254 7861312
18713254 7861312
18713254 115485051
18713254 115485051
18713254 15661871
18713254 15666380
18713254 115485051
18713254 7861312
18713254 16786977
18713254 15439395
18713254 5402612
18713254 15661871
18713254 115485051
18713254 15666380
18713254 7861312
18713254 15439395
18713254 1183041
18713254 15439395
15227791 18713254
15227791 130339829
15227791 1183041
15227791 18713254
15227791 1183041
15227791 1183041
15227791 18713254
15227791 18713254
15227791 18713254
15227791 18713254
15227791 1183041
15227791 18713254
15227791 1183041
15227791 1183041
130339829 23027237
130339829 15227791
23027237 50374439
23027237 115485051
23027237 15666380
23027237 115485051
23027237 115485051
23027237 6539592
23027237 50374439
23027237 115485051
23027237 115485051
23027237 18948541
23027237 35097545
23027237 14824849
23027237 18948541
23027237 115485051
23027237 22872643
23027237 6539592
23027237 18948541
50374439 115485051
50374439 115485051
50374439 115485051
50374439 146290693
50374439 14824849
50374439 115485051
50374439 115485051
50374439 115485051
50374439 14824849
50374439 115485051
50374439 115485051
50374439 14824849
50374439 115485051
50374439 14824849
50374439 115485051
50374439 115485051
115485051 116485573
116485573 115485051
146290693 14824849
146290693 22872643
146290693 1183041
146290693 16583672
146290693 18713254
146290693 79797834
146290693 50374439
22872643 6539592
22872643 79797834
22872643 146290693
22872643 14824849
22872643 79797834
22872643 115485051
22872643 115485051
22872643 14824849
22872643 79797834
22872643 115485051
22872643 79797834
22872643 85701883
22872643 79797834
22872643 18948541
22872643 14824849
22872643 115485051
22872643 115485051
22872643 23027237
22872643 18948541
22872643 6539592
22872643 115485051
6539592 35097545
6539592 115485051
6539592 23027237
6539592 22872643
6539592 115485051
6539592 14824849
6539592 115485051
6539592 115485051
6539592 14824849
6539592 115485051
6539592 115485051
6539592 14824849
6539592 15666380
6539592 115485051
6539592 14677919
6539592 14824849
6539592 23027237
6539592 115485051
6539592 22872643
6539592 115485051
35097545 85701883
35097545 6539592
35097545 18948541
35097545 85701883
35097545 23027237
35097545 18948541
35097545 14824849
35097545 115485051
35097545 115485051
85701883 79797834
85701883 6539592
85701883 35097545
85701883 18948541
85701883 79797834
85701883 35097545
85701883 22872643
79797834 9973842
79797834 23483324
79797834 22872643
79797834 115485051
79797834 115485051
79797834 15143478
79797834 451586190
79797834 9973842
79797834 115485051
79797834 22872643
79797834 115485051
79797834 115485051
79797834 115485051
79797834 115485051
79797834 115485051
79797834 22872643
79797834 22872643
79797834 115485051
79797834 22872643
79797834 451586190
79797834 115485051
79797834 9973842
79797834 115485051
79797834 23483324
79797834 115485051
79797834 15143478
79797834 9973842
79797834 451586190
79797834 22872643
9973842 451331227
9973842 79797834
9973842 79797834
9973842 79797834
451331227 88974843
451331227 9973842
88974843 14677919
88974843 59557446
14677919 23483324
14677919 59557446
14677919 14824849
14677919 14515799
14677919 14824849
14677919 14824849
14677919 23483324
14677919 14515799
14677919 59557446
23483324 59557446
23483324 46073276
23483324 203827751
23483324 79797834
23483324 14677919
23483324 59557446
59557446 23483324
59557446 14677919
59557446 46073276
59557446 14515799
59557446 14824849
59557446 23483324
46073276 28359405
46073276 23483324
46073276 23930272
46073276 14677919
46073276 203827751
46073276 99211591
46073276 59557446
46073276 96770886
46073276 5992502
28359405 5992502
28359405 203827751
5992502 203827751
5992502 14677919
5992502 28359405
5992502 46073276
203827751 28359405
203827751 5992502
203827751 79797834
203827751 23483324
203827751 46073276
203827751 23930272
203827751 14677919
23930272 18758940
23930272 46073276
23930272 99211591
23930272 96770886
18758940 96770886
18758940 23930272
18758940 99211591
96770886 99211591
96770886 18758940
96770886 46073276
96770886 23930272
99211591 96770886
99211591 23930272
99211591 18758940
99211591 79797834
99211591 46073276
99211591 79797834
