458301088 18393773
458301088 15439395
458301088 15439395
18393773 45629136
18393773 14241468
18393773 15473413
18393773 16599695
18393773 31268403
18393773 16939148
18393773 116321125
18393773 24482886
18393773 20943534
18393773 7861312
18393773 79797834
18393773 1183041
18393773 7861312
18393773 15439395
18393773 79797834
18393773 1183041
18393773 7861312
18393773 1183041
18393773 1183041
18393773 7861312
18393773 7861312
18393773 1183041
18393773 7861312
18393773 2729061
18393773 1183041
18393773 7861312
18393773 15439395
18393773 15473413
18393773 79797834
18393773 15644999
18393773 2729061
18393773 1183041
18393773 7861312
18393773 1183041
18393773 7861312
18393773 15439395
18393773 458301088
18393773 1183041
18393773 7861312
18393773 1183041
18393773 14241468
18393773 15644999
18393773 15439395
18393773 2729061
18393773 1183041
18393773 15439395
18393773 1183041
18393773 79797834
18393773 7861312
18393773 2729061
18393773 1183041
18393773 7861312
18393773 1183041
18393773 7861312
18393773 15439395
18393773 1183041
18393773 7861312
18393773 6572452
18393773 15439395
45629136 14133970
45629136 15473413
45629136 18393773
45629136 16599695
14133970 16599695
14133970 45629136
14133970 15473413
14133970 6539592
14133970 6539592
16599695 24482886
16599695 15473413
16599695 14133970
16599695 15013686
16599695 18393773
16599695 45629136
16599695 31268403
24482886 20943534
24482886 16599695
24482886 18393773
20943534 116321125
20943534 31268403
20943534 45629136
20943534 18393773
20943534 24482886
116321125 31268403
116321125 16599695
116321125 18393773
116321125 45629136
31268403 15473413
31268403 116321125
31268403 18393773
31268403 45629136
15473413 45629136
15473413 14312841
15473413 899701
15473413 18393773
15473413 15013686
15473413 14133970
15473413 1183041
15473413 18393773
15473413 2729061
15473413 15644999
14312841 15013686
14312841 16939148
15013686 14312841
15013686 16939148
15013686 18393773
15013686 15473413
16939148 14312841
16939148 899701
16939148 18393773
16939148 899701
899701 18393773
899701 14241468
899701 16939148
899701 45629136
899701 15473413
899701 7861312
899701 2729061
899701 749863
899701 16939148
14241468 18393773
14241468 20260707
14241468 15644999
14241468 18393773
20260707 184647530
20260707 14241468
184647530 77888423
184647530 77888423
77888423 184647530
77888423 105654296
77888423 105654296
77888423 105654296
77888423 105654296
77888423 184647530
105654296 77888423
105654296 77888423
105654296 77888423
105654296 77888423
15644999 2729061
15644999 15473413
15644999 79797834
15644999 18393773
15644999 2729061
15644999 14241468
15644999 18393773
2729061 1891381
2729061 1183041
2729061 18393773
2729061 1183041
2729061 1183041
2729061 15439395
2729061 18393773
2729061 79797834
2729061 1183041
2729061 7081402
2729061 15439395
2729061 18393773
2729061 15439395
2729061 1183041
2729061 18393773
2729061 1183041
2729061 7081402
1891381 749863
1891381 1183041
1891381 2729061
1891381 1183041
1891381 1183041
1891381 1183041
749863 15060582
749863 15060582
749863 15060582
749863 14990751
15060582 14990751
15060582 4404141
15060582 16134731
15060582 22872643
15060582 27479039
15060582 40381496
15060582 34986425
15060582 19242665
15060582 19617190
15060582 4230121
15060582 27050042
15060582 749863
15060582 749863
15060582 14990751
15060582 749863
14990751 40381496
14990751 27479039
14990751 22872643
14990751 15060582
14990751 749863
14990751 15060582
40381496 27050042
40381496 90046723
40381496 60491491
40381496 24272129
40381496 14200408
40381496 34986425
40381496 97311396
40381496 4404141
40381496 6539592
40381496 71963113
40381496 115457794
40381496 16987303
40381496 22872643
40381496 27479039
40381496 4230121
40381496 19242665
40381496 16134731
40381496 14990751
40381496 79797834
40381496 37977732
40381496 15060582
40381496 19617190
40381496 27123985
40381496 4230121
40381496 19617190
40381496 85701883
40381496 22872643
40381496 6141832
40381496 77888423
40381496 14824849
40381496 749863
40381496 18393773
27050042 16987303
27050042 4404141
27050042 34986425
27050042 6539592
27050042 40381496
27050042 60491491
27050042 22872643
27050042 4230121
27050042 17280792
27050042 19617190
27050042 27123985
27050042 15060582
27050042 16134731
27050042 27479039
27050042 14990751
27050042 24272129
27050042 4230121
27050042 60491491
27050042 19617190
27050042 17280792
27050042 35097545
27050042 85701883
27050042 27123985
27050042 27479039
16987303 27123985
16987303 19242665
16987303 4230121
16987303 14200408
16987303 27479039
16987303 79797834
16987303 19617190
16987303 27050042
16987303 60491491
16987303 17280792
16987303 27479039
16987303 19242665
16987303 17280792
16987303 79797834
16987303 4230121
16987303 60491491
16987303 27479039
16987303 27123985
16987303 19617190
16987303 14200408
16987303 85701883
16987303 35097545
16987303 27050042
27123985 34986425
27123985 19242665
27123985 14200408
27123985 60491491
27123985 4230121
27123985 16987303
27123985 19617190
27123985 37977732
27123985 17280792
27123985 27050042
27123985 40381496
27123985 19242665
27123985 4230121
27123985 19617190
27123985 17280792
27123985 14200408
27123985 27050042
27123985 60491491
34986425 14990751
34986425 17280792
34986425 27479039
34986425 27123985
34986425 4404141
34986425 60491491
34986425 22872643
34986425 14200408
34986425 16134731
34986425 27050042
34986425 40381496
34986425 4230121
34986425 19617190
34986425 24272129
34986425 15060582
17280792 14990751
17280792 14200408
17280792 27123985
17280792 22872643
17280792 19617190
17280792 34986425
17280792 4230121
17280792 79797834
17280792 27050042
17280792 16987303
17280792 14200408
17280792 27123985
17280792 79797834
17280792 35097545
17280792 4230121
17280792 19617190
17280792 27050042
14200408 71963113
14200408 34986425
14200408 16987303
14200408 19617190
14200408 97311396
14200408 90046723
14200408 17280792
14200408 115457794
14200408 24272129
14200408 40381496
14200408 27123985
14200408 15060582
14200408 19242665
14200408 4230121
14200408 19617190
14200408 19242665
14200408 4230121
14200408 17280792
14200408 27123985
71963113 115457794
71963113 4230121
71963113 90046723
71963113 97311396
71963113 19242665
71963113 14200408
71963113 40381496
115457794 19242665
115457794 40381496
115457794 71963113
115457794 97311396
115457794 90046723
115457794 14200408
19242665 27123985
19242665 97311396
19242665 24272129
19242665 16987303
19242665 60491491
19242665 19617190
19242665 27479039
19242665 115457794
19242665 71963113
19242665 14200408
19242665 15060582
19242665 40381496
19242665 90046723
19242665 4230121
19242665 60491491
19242665 27479039
19242665 27123985
19242665 19617190
19242665 14200408
19242665 4230121
97311396 60491491
97311396 71963113
97311396 19242665
97311396 40381496
97311396 14200408
97311396 115457794
60491491 90046723
60491491 27123985
60491491 34986425
60491491 4230121
60491491 19242665
60491491 19617190
60491491 27050042
60491491 17280792
60491491 97311396
60491491 27479039
60491491 16987303
60491491 40381496
60491491 27123985
60491491 19242665
60491491 17280792
60491491 19617190
60491491 27050042
60491491 4230121
60491491 27479039
90046723 4404141
90046723 4230121
90046723 71963113
90046723 60491491
90046723 40381496
90046723 14200408
90046723 19242665
90046723 115457794
90046723 4230121
4404141 16134731
4404141 90046723
4404141 40381496
4404141 34986425
4404141 4230121
4404141 27050042
4404141 15060582
16134731 24272129
16134731 15060582
16134731 34986425
16134731 27050042
16134731 4230121
16134731 40381496
16134731 6539592
16134731 19617190
16134731 14990751
16134731 27479039
24272129 4230121
24272129 16134731
24272129 40381496
24272129 22872643
24272129 19242665
24272129 6539592
24272129 34986425
24272129 19617190
24272129 79797834
24272129 27050042
24272129 14990751
24272129 27479039
4230121 19617190
4230121 4404141
4230121 24272129
4230121 40381496
4230121 60491491
4230121 17280792
4230121 16134731
4230121 19242665
4230121 27123985
4230121 27050042
4230121 15060582
4230121 90046723
4230121 14200408
4230121 16987303
4230121 34986425
4230121 40381496
4230121 27123985
4230121 60491491
4230121 17280792
4230121 85701883
4230121 19617190
4230121 14200408
4230121 27050042
4230121 19242665
4230121 35097545
4230121 90046723
4230121 35097545
19617190 27479039
19617190 34986425
19617190 14200408
19617190 16987303
19617190 24272129
19617190 22872643
19617190 27123985
19617190 17280792
19617190 14990751
19617190 60491491
19617190 4230121
19617190 40381496
19617190 15060582
19617190 27050042
19617190 19242665
19617190 16134731
19617190 17280792
19617190 85701883
19617190 60491491
19617190 27123985
19617190 27479039
19617190 14200408
19617190 4230121
19617190 19242665
19617190 35097545
19617190 27050042
19617190 85701883
19617190 22872643
19617190 40381496
27479039 22872643
27479039 15060582
27479039 27050042
27479039 40381496
27479039 16987303
27479039 19617190
27479039 79797834
27479039 34986425
27479039 14990751
27479039 6539592
27479039 19242665
27479039 85701883
27479039 27050042
27479039 19617190
27479039 35097545
27479039 79797834
27479039 19242665
27479039 22872643
27479039 16987303
22872643 6539592
22872643 14990751
22872643 17280792
22872643 34986425
22872643 24272129
22872643 40381496
22872643 27050042
22872643 27479039
22872643 79797834
22872643 19617190
22872643 14824849
22872643 79797834
22872643 14824849
22872643 79797834
22872643 79797834
22872643 19617190
22872643 40381496
22872643 85701883
22872643 79797834
22872643 14824849
22872643 6539592
22872643 27479039
6539592 35097545
6539592 22872643
6539592 27479039
6539592 40381496
6539592 813286
6539592 14824849
6539592 813286
6539592 15846407
6539592 813286
6539592 14824849
6539592 813286
6539592 14824849
6539592 14677919
6539592 14824849
6539592 813286
6539592 14133970
6539592 22872643
6539592 14133970
35097545 85701883
35097545 6539592
35097545 19617190
35097545 4230121
35097545 27050042
35097545 17280792
35097545 85701883
35097545 27479039
35097545 14824849
35097545 813286
35097545 4230121
85701883 79797834
85701883 6539592
85701883 35097545
85701883 4230121
85701883 79797834
85701883 35097545
85701883 27050042
85701883 27479039
85701883 19617190
85701883 22872643
85701883 19617190
85701883 40381496
79797834 9973842
79797834 23483324
79797834 37977732
79797834 16987303
79797834 22872643
79797834 37977732
79797834 27479039
79797834 9973842
79797834 22872643
79797834 37977732
79797834 27479039
79797834 22872643
79797834 22872643
79797834 22872643
79797834 9973842
79797834 37977732
79797834 23483324
79797834 27479039
79797834 9973842
79797834 37977732
79797834 22872643
79797834 16987303
9973842 451331227
9973842 16858804
9973842 79797834
9973842 9503302
9973842 2705
9973842 83876527
9973842 16877939
9973842 22689667
9973842 55113
9973842 79797834
9973842 83876527
9973842 79797834
451331227 88974843
451331227 22689667
451331227 83876527
451331227 9973842
451331227 55113
88974843 14677919
88974843 59557446
14677919 23483324
14677919 59557446
14677919 14824849
14677919 6141832
14677919 6141832
14677919 14824849
14677919 20608910
14677919 9532402
14677919 14824849
14677919 23483324
14677919 17044233
14677919 9300262
14677919 59557446
14677919 47707475
14677919 6141832
23483324 59557446
23483324 98976495
23483324 46073276
23483324 203827751
23483324 79797834
23483324 14677919
23483324 59557446
23483324 9532402
23483324 47707475
59557446 23483324
59557446 14677919
59557446 46073276
59557446 14824849
59557446 23483324
59557446 9532402
46073276 28359405
46073276 23483324
46073276 23930272
46073276 14677919
46073276 203827751
46073276 83876527
46073276 99211591
46073276 59557446
46073276 96770886
46073276 5992502
28359405 5992502
28359405 83876527
28359405 203827751
5992502 203827751
5992502 14677919
5992502 28359405
5992502 83876527
5992502 46073276
203827751 28359405
203827751 5992502
203827751 79797834
203827751 23483324
203827751 46073276
203827751 23930272
203827751 98976495
203827751 14677919
203827751 83876527
23930272 18758940
23930272 46073276
23930272 99211591
23930272 96770886
18758940 96770886
18758940 23930272
18758940 99211591
96770886 99211591
96770886 18758940
96770886 46073276
96770886 23930272
99211591 96770886
99211591 37977732
99211591 23930272
99211591 18758940
99211591 79797834
99211591 83876527
99211591 46073276
99211591 79797834
37977732 16858804
37977732 99211591
37977732 79797834
37977732 22689667
37977732 16877939
37977732 79797834
37977732 79797834
37977732 79797834
37977732 22689667
37977732 79797834
37977732 16858804
37977732 99211591
37977732 16877939
16858804 9503302
16858804 16877939
16858804 9973842
16858804 37977732
16858804 16877939
9503302 16858804
9503302 16877939
9503302 2705
9503302 22689667
16877939 55113
16877939 9973842
16877939 37977732
16877939 79797834
16877939 9503302
16877939 16858804
16877939 79797834
16877939 16858804
55113 16858804
55113 83876527
55113 9973842
55113 16877939
55113 451331227
55113 22689667
55113 88974843
83876527 9973842
83876527 22689667
83876527 46073276
83876527 55113
83876527 23930272
83876527 98976495
83876527 5992502
83876527 203827751
83876527 28359405
83876527 59557446
83876527 9973842
22689667 792998
22689667 451331227
22689667 37977732
22689667 83876527
22689667 55113
22689667 9973842
22689667 9503302
792998 16877939
792998 2705
792998 22689667
792998 83876527
792998 9973842
2705 9503302
2705 22689667
2705 9973842
2705 98976495
2705 792998
98976495 203827751
98976495 83876527
98976495 23483324
98976495 6141832
98976495 2729061
6141832 47707475
47707475 17044233
47707475 14824849
47707475 9532402
47707475 23483324
47707475 6141832
17044233 9532402
17044233 47707475
9532402 9300262
9532402 59557446
9532402 17044233
9532402 47707475
9300262 20608910
9300262 9532402
20608910 44177383
20608910 813286
20608910 9532402
44177383 15846407
44177383 813286
44177383 20608910
15846407 813286
15846407 20608910
15846407 813286
15846407 10350
15846407 77888423
15846407 813286
15846407 10350
15846407 22872643
15846407 6539592
15846407 15913
15846407 813286
15846407 22872643
15846407 1183041
15846407 7861312
15846407 1183041
15846407 15913
15846407 7861312
15846407 10350
15846407 15439395
15846407 813286
15846407 77888423
15846407 14824849
15846407 7861312
15846407 1183041
15846407 7861312
15846407 1183041
15846407 27479039
15846407 77888423
15846407 7861312
15846407 813286
15846407 813286
15846407 79797834
813286 16637198
813286 7861312
813286 1183041
813286 10350
813286 44177383
813286 7861312
813286 1183041
813286 10350
813286 6539592
813286 1183041
813286 7861312
813286 1183041
813286 10350
813286 1183041
813286 7861312
813286 6539592
813286 10350
813286 6539592
813286 1183041
813286 7861312
813286 1183041
813286 10350
813286 7861312
813286 1183041
813286 7861312
813286 1183041
813286 35097545
813286 7861312
813286 1183041
813286 6539592
813286 7861312
813286 10350
813286 7861312
813286 20260707
813286 7861312
813286 10350
813286 6539592
813286 7861312
813286 1183041
813286 7861312
16637198 813286
16637198 26829539
26829539 17567533
17567533 120252183
17567533 813286
17567533 14824849
17567533 6141832
120252183 14824849
14824849 15439395
14824849 15439395
14824849 15439395
14824849 15439395
14824849 15439395
14824849 15439395
14824849 15439395
15439395 14824849
15439395 6572452
15439395 7081402
15439395 1183041
15439395 79797834
15439395 14824849
15439395 1183041
15439395 79797834
15439395 18393773
15439395 813286
15439395 1183041
15439395 79797834
15439395 813286
15439395 813286
15439395 14824849
15439395 1183041
15439395 79797834
15439395 1183041
15439395 14824849
15439395 813286
15439395 1183041
15439395 1183041
15439395 18393773
15439395 813286
15439395 14824849
15439395 1183041
15439395 18393773
15439395 1183041
15439395 1183041
15439395 14824849
15439395 79797834
15439395 18393773
15439395 1183041
15439395 18393773
15439395 18393773
15439395 1183041
15439395 7081402
15439395 6572452
15439395 1183041
15439395 14824849
15439395 813286
15439395 18393773
6572452 19489341
6572452 7081402
6572452 20661527
6572452 15439395
6572452 18393773
6572452 15439395
6572452 7081402
19489341 6572452
19489341 20661527
20661527 18602163
20661527 7081402
20661527 6572452
20661527 1183041
20661527 19489341
20661527 1183041
18602163 7081402
18602163 7861312
18602163 20661527
18602163 15439395
18602163 1183041
7081402 143244854
7081402 7861312
7081402 362286999
7081402 18602163
7081402 60101131
7081402 10350
7081402 20661527
7081402 1183041
7081402 15439395
7081402 7861312
7081402 362286999
7081402 1183041
7081402 7861312
7081402 6539592
7081402 79797834
7081402 813286
7081402 10350
7081402 7861312
7081402 1183041
7081402 1183041
7081402 10350
7081402 7861312
7081402 362286999
7081402 7861312
7081402 18393773
7081402 2729061
7081402 79797834
7081402 1183041
7081402 7861312
7081402 1183041
7081402 7861312
7081402 7861312
7081402 10350
7081402 362286999
7081402 18393773
7081402 10350
7081402 1183041
7081402 362286999
7081402 18393773
7081402 7861312
7081402 2729061
7081402 10350
7081402 1183041
7081402 18393773
7081402 7861312
7081402 10350
7081402 362286999
7081402 1183041
7081402 18393773
7081402 7861312
7081402 60101131
7081402 10350
7081402 15439395
7081402 143244854
143244854 60101131
143244854 10350
143244854 1183041
143244854 14824849
143244854 7081402
143244854 60101131
143244854 10350
143244854 1183041
143244854 60101131
143244854 60101131
143244854 60101131
143244854 1183041
143244854 1183041
143244854 60101131
143244854 1183041
143244854 60101131
143244854 60101131
143244854 10350
143244854 60101131
143244854 10350
143244854 7081402
143244854 1183041
60101131 1183041
60101131 7081402
60101131 143244854
60101131 143244854
60101131 1183041
60101131 143244854
60101131 143244854
60101131 143244854
60101131 1183041
60101131 143244854
60101131 1183041
60101131 143244854
60101131 143244854
60101131 7081402
60101131 143244854
60101131 1183041
1183041 362286999
1183041 7081402
1183041 143244854
1183041 10350
1183041 7861312
1183041 15913
1183041 15913
1183041 15913
1183041 2729061
1183041 7861312
1183041 7861312
1183041 10350
1183041 18393773
1183041 10350
1183041 7861312
1183041 143244854
1183041 362286999
1183041 10350
1183041 7861312
1183041 362286999
1183041 10350
1183041 7861312
1183041 18393773
1183041 7861312
1183041 18393773
1183041 7861312
1183041 18393773
1183041 362286999
1183041 7861312
1183041 7081402
1183041 7861312
1183041 18393773
1183041 10350
1183041 7861312
1183041 7861312
1183041 7861312
1183041 7861312
1183041 15913
1183041 10350
1183041 7081402
1183041 7861312
1183041 7861312
1183041 143244854
1183041 15913
1183041 7861312
1183041 10350
1183041 15913
1183041 7861312
1183041 2729061
1183041 18393773
1183041 7861312
1183041 10350
1183041 7081402
1183041 7861312
1183041 7861312
1183041 7861312
1183041 7861312
1183041 2729061
1183041 15913
1183041 7861312
1183041 2729061
1183041 18393773
1183041 7081402
1183041 143244854
1183041 15913
1183041 7861312
1183041 10350
1183041 7861312
1183041 143244854
1183041 15913
1183041 7861312
1183041 15913
1183041 18393773
1183041 7861312
1183041 7081402
1183041 7861312
1183041 18393773
1183041 7861312
1183041 18393773
1183041 7861312
1183041 362286999
1183041 7861312
1183041 7861312
1183041 2729061
1183041 18393773
1183041 362286999
1183041 15913
1183041 10350
1183041 7081402
1183041 18393773
1183041 7861312
1183041 7861312
1183041 7861312
1183041 2729061
1183041 362286999
1183041 18393773
1183041 10350
1183041 7861312
1183041 7081402
1183041 7861312
1183041 18393773
1183041 10350
1183041 143244854
1183041 15913
1183041 18393773
1183041 7081402
1183041 362286999
1183041 7861312
1183041 10350
1183041 7861312
362286999 7861312
362286999 10350
362286999 1183041
362286999 7081402
362286999 7861312
362286999 1183041
362286999 10350
362286999 7861312
362286999 1183041
362286999 10350
362286999 7861312
362286999 1183041
362286999 7081402
362286999 7861312
362286999 7861312
362286999 7861312
362286999 7081402
362286999 7861312
362286999 1183041
362286999 18393773
362286999 1183041
362286999 10350
362286999 7081402
362286999 7861312
362286999 1183041
362286999 10350
362286999 7081402
362286999 18393773
362286999 1183041
362286999 7081402
362286999 10350
362286999 7861312
362286999 18393773
7861312 15913
7861312 1183041
7861312 362286999
7861312 7081402
7861312 10350
7861312 15913
7861312 7081402
7861312 1183041
7861312 1183041
7861312 10350
7861312 18393773
7861312 1183041
7861312 10350
7861312 362286999
7861312 10350
7861312 1183041
7861312 362286999
7861312 1183041
7861312 10350
7861312 18393773
7861312 1183041
7861312 18393773
7861312 1183041
7861312 362286999
7861312 7081402
7861312 1183041
7861312 362286999
7861312 15913
7861312 18393773
7861312 1183041
7861312 18393773
7861312 1183041
7861312 10350
7861312 15913
7861312 1183041
7861312 15913
7861312 362286999
7861312 10350
7861312 15913
7861312 1183041
7861312 1183041
7861312 15913
7861312 1183041
7861312 7081402
7861312 10350
7861312 1183041
7861312 15913
7861312 1183041
7861312 15913
7861312 10350
7861312 1183041
7861312 18393773
7861312 1183041
7861312 7081402
7861312 10350
7861312 1183041
7861312 362286999
7861312 7081402
7861312 1183041
7861312 1183041
7861312 1183041
7861312 15913
7861312 10350
7861312 18393773
7861312 1183041
7861312 15913
7861312 1183041
7861312 15913
7861312 15913
7861312 1183041
7861312 15913
7861312 1183041
7861312 15913
7861312 10350
7861312 18393773
7861312 1183041
7861312 10350
7861312 1183041
7861312 7081402
7861312 7081402
7861312 18393773
7861312 1183041
7861312 15913
7861312 10350
7861312 18393773
7861312 1183041
7861312 1183041
7861312 362286999
7861312 1183041
7861312 10350
7861312 10350
7861312 15913
7861312 7081402
7861312 10350
7861312 15913
7861312 1183041
7861312 1183041
7861312 1183041
7861312 18393773
7861312 362286999
7861312 10350
7861312 1183041
7861312 7081402
7861312 18393773
7861312 1183041
7861312 15913
7861312 18393773
7861312 7081402
7861312 10350
7861312 18393773
7861312 15913
7861312 362286999
7861312 1183041
7861312 7081402
7861312 10350
7861312 10350
7861312 1183041
7861312 7081402
7861312 15913
7861312 18393773
7861312 1183041
7861312 362286999
7861312 10350
15913 10350
15913 7861312
15913 7861312
15913 10350
15913 10350
15913 7861312
15913 7861312
15913 7861312
15913 7861312
15913 10350
15913 7861312
15913 7861312
15913 10350
15913 7861312
15913 10350
15913 10350
15913 7861312
15913 7861312
15913 7861312
15913 7861312
15913 7861312
15913 10350
15913 7861312
15913 10350
15913 10350
15913 7861312
15913 7861312
15913 10350
15913 7861312
15913 10350
15913 7861312
15913 10350
15913 7861312
10350 143244854
10350 7861312
10350 15913
10350 1183041
10350 362286999
10350 15439395
10350 60101131
10350 7081402
10350 15913
10350 15913
10350 813286
10350 749863
10350 1183041
10350 7861312
10350 813286
10350 18393773
10350 79797834
10350 1183041
10350 749863
10350 7861312
10350 749863
10350 15439395
10350 143244854
10350 1183041
10350 362286999
10350 60101131
10350 7861312
10350 1183041
10350 362286999
10350 7861312
10350 813286
10350 749863
10350 18393773
10350 1183041
10350 7861312
10350 813286
10350 7861312
10350 813286
10350 15913
10350 1183041
10350 7081402
10350 7861312
10350 1183041
10350 15913
10350 7861312
10350 15913
10350 7081402
10350 7861312
10350 1183041
10350 15913
10350 7861312
10350 1183041
10350 7861312
10350 15913
10350 813286
10350 7861312
10350 15913
10350 7861312
10350 15913
10350 813286
10350 7861312
10350 7861312
10350 749863
10350 749863
10350 749863
10350 749863
10350 7081402
10350 7861312
10350 18393773
10350 1183041
10350 15913
10350 362286999
10350 7081402
10350 60101131
10350 143244854
10350 79797834
10350 18393773
10350 18393773
10350 1183041
10350 362286999
10350 7081402
10350 7861312
10350 18393773
10350 15913
10350 7081402
10350 7861312
10350 15439395
10350 7081402
10350 18393773
10350 15913
10350 60101131
10350 143244854
10350 362286999
10350 749863
10350 1183041
10350 7861312
10350 749863
10350 1183041
10350 15439395
10350 749863
10350 7861312
