62581962 18396070
62581962 18396070
18396070 325832193
18396070 144003355
18396070 18948541
18396070 1183041
18396070 3829151
18396070 18713254
18396070 10350
18396070 1183041
18396070 115485051
18396070 3829151
18396070 62581962
18396070 10350
18396070 1183041
18396070 18713254
18396070 115485051
18396070 3829151
18396070 10350
18396070 1183041
18396070 1183041
18396070 18713254
18396070 15227791
18396070 144003355
18396070 10350
18396070 1183041
18396070 10350
18396070 18713254
18396070 10350
18396070 1183041
18396070 3829151
18396070 10350
18396070 1183041
18396070 15227791
18396070 115485051
18396070 325832193
18396070 62581962
18396070 18948541
18396070 1183041
18396070 18713254
18396070 15227791
18396070 115485051
18396070 3829151
18396070 10350
18396070 3829151
18396070 10350
18396070 10350
18396070 1183041
18396070 15227791
18396070 144003355
18396070 1183041
18396070 15227791
325832193 144003355
325832193 1183041
325832193 18396070
325832193 14824849
325832193 18396070
325832193 1183041
325832193 15661871
325832193 14824849
325832193 1183041
325832193 15661871
144003355 18396070
144003355 1183041
144003355 325832193
144003355 28521141
144003355 18396070
144003355 1183041
144003355 4620451
144003355 18713254
144003355 7081402
144003355 115485051
144003355 18713254
144003355 115485051
144003355 28521141
144003355 18396070
144003355 1183041
144003355 15227791
1183041 362286999
1183041 7081402
1183041 16908436
1183041 15661871
1183041 28521141
1183041 143244854
1183041 10350
1183041 7861312
1183041 15913
1183041 18396070
1183041 15913
1183041 325832193
1183041 144003355
1183041 15913
1183041 115485051
1183041 7861312
1183041 115485051
1183041 18713254
1183041 18396070
1183041 7861312
1183041 10350
1183041 115485051
1183041 18396070
1183041 18713254
1183041 10350
1183041 7861312
1183041 115485051
1183041 143244854
1183041 15661871
1183041 362286999
1183041 18396070
1183041 10350
1183041 7861312
1183041 28521141
1183041 115485051
1183041 362286999
1183041 10350
1183041 7861312
1183041 115485051
1183041 4620451
1183041 18713254
1183041 18396070
1183041 15661871
1183041 4620451
1183041 28521141
1183041 7861312
1183041 18713254
1183041 7861312
1183041 15661871
1183041 115485051
1183041 15473958
1183041 362286999
1183041 18713254
1183041 7861312
1183041 7081402
1183041 16908436
1183041 115485051
1183041 15661871
1183041 7861312
1183041 144003355
1183041 28521141
1183041 10350
1183041 18396070
1183041 4620451
1183041 15661871
1183041 7861312
1183041 7861312
1183041 115485051
1183041 18713254
1183041 15661871
1183041 7861312
1183041 7861312
1183041 18396070
1183041 15913
1183041 10350
1183041 7081402
1183041 7861312
1183041 18713254
1183041 7861312
1183041 143244854
1183041 115485051
1183041 15661871
1183041 15913
1183041 28521141
1183041 7861312
1183041 115485051
1183041 18396070
1183041 10350
1183041 15913
1183041 7861312
1183041 7861312
1183041 10350
1183041 7081402
1183041 7861312
1183041 15661871
1183041 115485051
1183041 15661871
1183041 18396070
1183041 18713254
1183041 325832193
1183041 28521141
1183041 7861312
1183041 7861312
1183041 7861312
1183041 15913
1183041 115485051
1183041 28521141
1183041 7861312
1183041 15661871
1183041 7081402
1183041 28521141
1183041 143244854
1183041 15913
1183041 28521141
1183041 7861312
1183041 15661871
1183041 4620451
1183041 115485051
1183041 15473958
1183041 10350
1183041 7861312
1183041 143244854
1183041 15661871
1183041 15913
1183041 7861312
1183041 15913
1183041 18713254
1183041 7861312
1183041 7081402
1183041 7861312
1183041 115485051
1183041 7861312
1183041 115485051
1183041 7861312
1183041 115485051
1183041 362286999
1183041 7861312
1183041 115485051
1183041 15661871
1183041 18713254
1183041 325832193
1183041 28521141
1183041 7861312
1183041 28521141
1183041 115485051
1183041 4620451
1183041 18713254
1183041 16908436
1183041 362286999
1183041 15913
1183041 10350
1183041 7081402
1183041 4620451
1183041 28521141
1183041 15661871
1183041 18396070
1183041 28521141
1183041 7861312
1183041 144003355
1183041 15661871
1183041 18396070
1183041 28521141
1183041 7861312
1183041 7861312
1183041 362286999
1183041 10350
1183041 7861312
1183041 7081402
1183041 4620451
1183041 28521141
1183041 4620451
1183041 7861312
1183041 15661871
1183041 18713254
1183041 10350
1183041 28521141
1183041 143244854
1183041 15913
1183041 7081402
1183041 4620451
1183041 115485051
1183041 362286999
1183041 7861312
1183041 115485051
1183041 15661871
1183041 10350
1183041 4620451
1183041 7861312
1183041 4620451
1183041 15661871
1183041 15473958
362286999 7861312
362286999 10350
362286999 28521141
362286999 1183041
362286999 7081402
362286999 7861312
362286999 28521141
362286999 1183041
362286999 10350
362286999 7861312
362286999 1183041
362286999 10350
362286999 7861312
362286999 1183041
362286999 7081402
362286999 7861312
362286999 7861312
362286999 7861312
362286999 4620451
362286999 7081402
362286999 7861312
362286999 1183041
362286999 4620451
362286999 28521141
362286999 1183041
362286999 10350
362286999 7081402
362286999 7861312
362286999 4620451
362286999 28521141
362286999 1183041
362286999 10350
362286999 7081402
362286999 28521141
362286999 1183041
362286999 7081402
362286999 4620451
362286999 10350
362286999 7861312
7861312 15913
7861312 28521141
7861312 1183041
7861312 362286999
7861312 7081402
7861312 10350
7861312 16908436
7861312 15913
7861312 18713254
7861312 7081402
7861312 18713254
7861312 4620451
7861312 1183041
7861312 18713254
7861312 1183041
7861312 10350
7861312 18713254
7861312 1183041
7861312 10350
7861312 28521141
7861312 362286999
7861312 10350
7861312 1183041
7861312 28521141
7861312 362286999
7861312 1183041
7861312 10350
7861312 28521141
7861312 18713254
7861312 4620451
7861312 1183041
7861312 18713254
7861312 1183041
7861312 362286999
7861312 7081402
7861312 18713254
7861312 1183041
7861312 16908436
7861312 362286999
7861312 15913
7861312 1183041
7861312 28521141
7861312 19658826
7861312 4620451
7861312 1183041
7861312 10350
7861312 15913
7861312 1183041
7861312 15913
7861312 362286999
7861312 18713254
7861312 10350
7861312 15913
7861312 1183041
7861312 1183041
7861312 15913
7861312 1183041
7861312 7081402
7861312 10350
7861312 18713254
7861312 1183041
7861312 15913
7861312 28521141
7861312 1183041
7861312 15913
7861312 10350
7861312 1183041
7861312 1183041
7861312 7081402
7861312 10350
7861312 1183041
7861312 362286999
7861312 7081402
7861312 4620451
7861312 28521141
7861312 18713254
7861312 1183041
7861312 1183041
7861312 1183041
7861312 15913
7861312 10350
7861312 1183041
7861312 15913
7861312 28521141
7861312 1183041
7861312 15913
7861312 15913
7861312 1183041
7861312 15913
7861312 1183041
7861312 15913
7861312 10350
7861312 18713254
7861312 1183041
7861312 10350
7861312 16908436
7861312 1183041
7861312 7081402
7861312 7081402
7861312 1183041
7861312 15913
7861312 10350
7861312 1183041
7861312 1183041
7861312 362286999
7861312 28521141
7861312 18713254
7861312 1183041
7861312 18713254
7861312 28521141
7861312 10350
7861312 10350
7861312 15913
7861312 28521141
7861312 7081402
7861312 10350
7861312 15913
7861312 18713254
7861312 18713254
7861312 28521141
7861312 1183041
7861312 28521141
7861312 1183041
7861312 1183041
7861312 28521141
7861312 362286999
7861312 10350
7861312 4620451
7861312 1183041
7861312 7081402
7861312 4620451
7861312 1183041
7861312 15913
7861312 28521141
7861312 18713254
7861312 7081402
7861312 10350
7861312 28521141
7861312 4620451
7861312 15913
7861312 18713254
7861312 362286999
7861312 1183041
7861312 7081402
7861312 10350
7861312 10350
7861312 1183041
7861312 7081402
7861312 15913
7861312 28521141
7861312 19658826
7861312 1183041
7861312 16908436
7861312 18713254
7861312 4620451
7861312 362286999
7861312 10350
15913 10350
15913 7861312
15913 7861312
15913 10350
15913 10350
15913 7861312
15913 7861312
15913 7861312
15913 7861312
15913 10350
15913 7861312
15913 7861312
15913 10350
15913 7861312
15913 10350
15913 10350
15913 7861312
15913 7861312
15913 7861312
15913 7861312
15913 7861312
15913 10350
15913 7861312
15913 10350
15913 10350
15913 7861312
15913 7861312
15913 10350
15913 7861312
15913 10350
15913 7861312
15913 10350
15913 7861312
10350 15661871
10350 143244854
10350 7861312
10350 15913
10350 16908436
10350 1183041
10350 362286999
10350 15439395
10350 60101131
10350 7081402
10350 28521141
10350 62581962
10350 3829151
10350 115485051
10350 50393960
10350 15913
10350 15913
10350 115485051
10350 3829151
10350 1183041
10350 7861312
10350 18396070
10350 115485051
10350 3829151
10350 79797834
10350 1183041
10350 62581962
10350 7861312
10350 18396070
10350 4620451
10350 3829151
10350 15439395
10350 15661871
10350 115485051
10350 143244854
10350 3829151
10350 28521141
10350 1183041
10350 362286999
10350 60101131
10350 15661871
10350 7861312
10350 18396070
10350 50393960
10350 115485051
10350 3829151
10350 1183041
10350 362286999
10350 7861312
10350 3829151
10350 3829151
10350 50393960
10350 3829151
10350 4620451
10350 28521141
10350 1183041
10350 15661871
10350 7861312
10350 18396070
10350 3829151
10350 50393960
10350 15473958
10350 7861312
10350 18396070
10350 15913
10350 1183041
10350 7081402
10350 7861312
10350 18396070
10350 115485051
10350 3829151
10350 1183041
10350 15913
10350 15227791
10350 7861312
10350 18396070
10350 3829151
10350 15913
10350 15661871
10350 7081402
10350 7861312
10350 1183041
10350 3829151
10350 15913
10350 7861312
10350 50393960
10350 115485051
10350 4620451
10350 1183041
10350 15473958
10350 7861312
10350 15913
10350 3829151
10350 18396070
10350 115485051
10350 16908436
10350 15661871
10350 7861312
10350 15913
10350 7861312
10350 15913
10350 28521141
10350 50393960
10350 7861312
10350 115485051
10350 7861312
10350 3829151
10350 3829151
10350 4620451
10350 28521141
10350 50393960
10350 15661871
10350 18396070
10350 3829151
10350 28521141
10350 7081402
10350 7861312
10350 18396070
10350 28521141
10350 4620451
10350 28521141
10350 1183041
10350 15913
10350 16908436
10350 362286999
10350 7081402
10350 28521141
10350 60101131
10350 143244854
10350 15661871
10350 115485051
10350 3829151
10350 4620451
10350 79797834
10350 15661871
10350 4620451
10350 28521141
10350 1183041
10350 362286999
10350 7081402
10350 7861312
10350 115485051
10350 3829151
10350 28521141
10350 50393960
10350 15913
10350 7081402
10350 15661871
10350 7861312
10350 15661871
10350 115485051
10350 4620451
10350 15439395
10350 7081402
10350 15913
10350 60101131
10350 143244854
10350 28521141
10350 362286999
10350 1183041
10350 7861312
10350 115485051
10350 3829151
10350 4620451
10350 1183041
10350 15439395
10350 15661871
10350 7861312
10350 115485051
10350 3829151
15661871 60101131
15661871 143244854
15661871 28521141
15661871 7861312
15661871 62581962
15661871 4620451
15661871 3829151
15661871 7861312
15661871 28521141
15661871 143244854
15661871 3829151
15661871 60101131
15661871 143244854
15661871 60101131
15661871 28521141
15661871 62581962
15661871 62581962
15661871 18713254
15661871 7861312
15661871 4620451
15661871 79797834
15661871 28521141
15661871 18713254
15661871 7861312
15661871 3829151
15661871 62581962
15661871 60101131
15661871 3829151
15661871 7861312
15661871 143244854
15661871 28521141
15661871 7861312
15661871 4620451
15661871 28521141
15661871 60101131
15661871 28521141
15661871 62581962
15661871 60101131
15661871 28521141
15661871 28521141
15661871 18713254
15661871 62581962
15661871 18713254
15661871 143244854
15661871 60101131
15661871 28521141
15661871 7861312
15661871 7861312
15661871 18713254
15661871 28521141
15661871 7861312
15661871 62581962
15661871 7861312
15661871 4620451
15661871 79797834
15661871 62581962
15661871 28521141
15661871 143244854
15661871 60101131
15661871 28521141
15661871 7861312
15661871 143244854
15661871 28521141
15661871 7861312
15661871 7861312
15661871 7861312
15661871 18713254
15661871 62581962
15661871 28521141
15661871 50374439
15661871 18713254
15661871 28521141
15661871 18713254
15661871 143244854
15661871 60101131
15661871 28521141
15661871 4620451
15661871 28521141
15661871 3829151
15661871 143244854
15661871 60101131
15661871 28521141
15661871 28521141
15661871 7861312
15661871 28521141
15661871 7861312
15661871 28521141
15661871 4620451
15661871 3829151
15661871 79797834
15661871 18713254
15661871 3829151
15661871 28521141
15661871 7861312
15661871 28521141
15661871 60101131
15661871 28521141
15661871 4620451
15661871 18713254
15661871 143244854
15661871 7861312
15661871 4620451
15661871 3829151
15661871 62581962
15661871 4620451
60101131 1183041
60101131 7081402
60101131 15661871
60101131 143244854
60101131 28521141
60101131 143244854
60101131 1183041
60101131 28521141
60101131 15661871
60101131 143244854
60101131 28521141
60101131 15661871
60101131 143244854
60101131 28521141
60101131 15661871
60101131 115485051
60101131 28521141
60101131 15661871
60101131 28521141
60101131 15661871
60101131 115485051
60101131 143244854
60101131 1183041
60101131 28521141
60101131 15661871
60101131 143244854
60101131 28521141
60101131 1183041
60101131 15661871
60101131 115485051
60101131 143244854
60101131 18713254
60101131 28521141
60101131 15661871
60101131 28521141
60101131 115485051
60101131 143244854
60101131 15661871
60101131 7081402
60101131 28521141
60101131 143244854
60101131 115485051
60101131 1183041
60101131 18713254
60101131 15661871
7081402 143244854
7081402 16908436
7081402 7861312
7081402 362286999
7081402 28521141
7081402 60101131
7081402 10350
7081402 15661871
7081402 1183041
7081402 15439395
7081402 15134782
7081402 7861312
7081402 146290693
7081402 362286999
7081402 1183041
7081402 16908436
7081402 18713254
7081402 7861312
7081402 115485051
7081402 144003355
7081402 18713254
7081402 6539592
7081402 79797834
7081402 50374439
7081402 10350
7081402 7861312
7081402 18396070
7081402 1183041
7081402 1183041
7081402 10350
7081402 15661871
7081402 7861312
7081402 362286999
7081402 4620451
7081402 7861312
7081402 28521141
7081402 79797834
7081402 15661871
7081402 1183041
7081402 7861312
7081402 1183041
7081402 7861312
7081402 7861312
7081402 28521141
7081402 18396070
7081402 10350
7081402 362286999
7081402 16908436
7081402 18713254
7081402 28521141
7081402 10350
7081402 4620451
7081402 1183041
7081402 19658826
7081402 362286999
7081402 4620451
7081402 7861312
7081402 28521141
7081402 10350
7081402 1183041
7081402 115485051
7081402 7861312
7081402 18713254
7081402 28521141
7081402 10350
7081402 15661871
7081402 15661871
7081402 362286999
7081402 1183041
7081402 18713254
7081402 28521141
7081402 4620451
7081402 7861312
7081402 60101131
7081402 10350
7081402 15439395
7081402 115485051
7081402 143244854
143244854 60101131
143244854 28521141
143244854 10350
143244854 15661871
143244854 1183041
143244854 14824849
143244854 7081402
143244854 60101131
143244854 10350
143244854 15661871
143244854 1183041
143244854 28521141
143244854 60101131
143244854 15661871
143244854 28521141
143244854 60101131
143244854 28521141
143244854 115485051
143244854 15661871
143244854 28521141
143244854 115485051
143244854 60101131
143244854 15661871
143244854 18948541
143244854 1183041
143244854 28521141
143244854 1183041
143244854 60101131
143244854 15661871
143244854 28521141
143244854 115485051
143244854 15661871
143244854 28521141
143244854 1183041
143244854 60101131
143244854 18713254
143244854 15661871
143244854 28521141
143244854 115485051
143244854 60101131
143244854 115485051
143244854 10350
143244854 28521141
143244854 15661871
143244854 60101131
143244854 10350
143244854 115485051
143244854 7081402
143244854 1183041
143244854 18713254
143244854 15661871
143244854 28521141
28521141 143244854
28521141 16908436
28521141 7081402
28521141 362286999
28521141 15661871
28521141 60101131
28521141 1183041
28521141 7861312
28521141 10350
28521141 143244854
28521141 362286999
28521141 15661871
28521141 60101131
28521141 1183041
28521141 10350
28521141 7861312
28521141 143244854
28521141 15661871
28521141 60101131
28521141 143244854
28521141 60101131
28521141 7861312
28521141 18713254
28521141 15661871
28521141 1183041
28521141 4620451
28521141 7861312
28521141 143244854
28521141 15661871
28521141 15661871
28521141 1183041
28521141 4620451
28521141 7861312
28521141 10350
28521141 144003355
28521141 15661871
28521141 60101131
28521141 15661871
28521141 60101131
28521141 15661871
28521141 143244854
28521141 15661871
28521141 60101131
28521141 1183041
28521141 7861312
28521141 18713254
28521141 15661871
28521141 1183041
28521141 7861312
28521141 1183041
28521141 4620451
28521141 7081402
28521141 15661871
28521141 1183041
28521141 143244854
28521141 15661871
28521141 7861312
28521141 60101131
28521141 1183041
28521141 18713254
28521141 143244854
28521141 15661871
28521141 18713254
28521141 15661871
28521141 1183041
28521141 50374439
28521141 7861312
28521141 50374439
28521141 7861312
28521141 10350
28521141 1183041
28521141 15661871
28521141 18713254
28521141 22872643
28521141 143244854
28521141 18713254
28521141 15661871
28521141 60101131
28521141 15661871
28521141 4620451
28521141 10350
28521141 7081402
28521141 7861312
28521141 10350
28521141 10350
28521141 16908436
28521141 7081402
28521141 362286999
28521141 18713254
28521141 1183041
28521141 4620451
28521141 10350
28521141 143244854
28521141 15661871
28521141 10350
28521141 60101131
28521141 15661871
28521141 1183041
28521141 7861312
28521141 15661871
28521141 7861312
28521141 1183041
28521141 144003355
28521141 15661871
28521141 7081402
28521141 362286999
28521141 1183041
28521141 4620451
28521141 7861312
28521141 10350
28521141 7081402
28521141 18713254
28521141 15661871
28521141 7861312
28521141 10350
28521141 15661871
28521141 10350
28521141 362286999
28521141 15661871
28521141 4620451
28521141 143244854
28521141 18713254
28521141 1183041
28521141 7861312
28521141 7081402
28521141 60101131
16908436 15439395
16908436 362286999
16908436 7861312
16908436 10350
16908436 7081402
16908436 28521141
16908436 1183041
16908436 1183041
16908436 362286999
16908436 7861312
16908436 18713254
16908436 7081402
16908436 7861312
16908436 10350
16908436 115485051
16908436 18713254
16908436 362286999
16908436 10350
16908436 18713254
16908436 19658826
16908436 28521141
16908436 1183041
16908436 7081402
15439395 14824849
15439395 7081402
15439395 1183041
15439395 18713254
15439395 3829151
15439395 18948541
15439395 79797834
15439395 3829151
15439395 14824849
15439395 1183041
15439395 79797834
15439395 15227791
15439395 18713254
15439395 1183041
15439395 79797834
15439395 18396070
15439395 18713254
15439395 18948541
15439395 14824849
15439395 1183041
15439395 15227791
15439395 79797834
15439395 15227791
15439395 62581962
15439395 18713254
15439395 18948541
15439395 1183041
15439395 14824849
15439395 18396070
15439395 3829151
15439395 15227791
15439395 18713254
15439395 18713254
15439395 1183041
15439395 1183041
15439395 14824849
15439395 62581962
15439395 1183041
15439395 1183041
15439395 62581962
15439395 62581962
15439395 18713254
15439395 15227791
15439395 62581962
15439395 1183041
15439395 50374439
15439395 14824849
15439395 18948541
15439395 18948541
15439395 79797834
15439395 1183041
15439395 18713254
15439395 3829151
15439395 62581962
15439395 18713254
15439395 1183041
15439395 18713254
15439395 7081402
15439395 3829151
15439395 1183041
15439395 14824849
15439395 18713254
14824849 15439395
14824849 18948541
14824849 115485051
14824849 3829151
14824849 115485051
14824849 115485051
14824849 115485051
14824849 3829151
14824849 15439395
14824849 115485051
14824849 18948541
14824849 115485051
14824849 115485051
14824849 18948541
14824849 50374439
14824849 115485051
14824849 18948541
14824849 15439395
14824849 115485051
14824849 50374439
14824849 115485051
14824849 115485051
14824849 115485051
14824849 18948541
14824849 15439395
14824849 115485051
14824849 115485051
14824849 3829151
14824849 18948541
14824849 115485051
14824849 15439395
14824849 50374439
14824849 115485051
14824849 18948541
14824849 18948541
14824849 115485051
14824849 18948541
14824849 115485051
14824849 50374439
14824849 115485051
14824849 15439395
14824849 115485051
14824849 3829151
14824849 115485051
14824849 15439395
18948541 14824849
18948541 15143478
18948541 1183041
18948541 18396070
18948541 14824849
18948541 115485051
18948541 115485051
18948541 14824849
18948541 1183041
18948541 115485051
18948541 14824849
18948541 115485051
18948541 1183041
18948541 115485051
18948541 1183041
18948541 115485051
18948541 14824849
18948541 18396070
18948541 15143478
18948541 115485051
18948541 14824849
18948541 23027237
18948541 14824849
18948541 115485051
18948541 14824849
18948541 115485051
18948541 14824849
18948541 15143478
18948541 23027237
18948541 115485051
18948541 23027237
18948541 115485051
18948541 115485051
15143478 4620451
15143478 4620451
4620451 15473958
4620451 8963722
4620451 138725262
4620451 15820660
4620451 18948541
4620451 15473958
4620451 8963722
4620451 7861312
4620451 15473958
4620451 138725262
4620451 8963722
4620451 10350
4620451 15661871
4620451 1183041
4620451 15661871
4620451 7861312
4620451 1183041
4620451 28521141
4620451 15473958
4620451 15820660
4620451 10350
4620451 144003355
4620451 15661871
4620451 7861312
4620451 1183041
4620451 8963722
4620451 28521141
4620451 15473958
4620451 8963722
4620451 7081402
4620451 7861312
4620451 18948541
4620451 8963722
4620451 15661871
4620451 15473958
4620451 28521141
4620451 10350
4620451 8963722
4620451 15473958
4620451 1183041
4620451 15473958
4620451 15820660
4620451 8963722
4620451 15473958
4620451 138725262
4620451 15820660
4620451 15820660
4620451 15473958
4620451 8963722
4620451 10350
4620451 15661871
4620451 756278
4620451 28521141
4620451 1183041
4620451 10350
4620451 7081402
4620451 28521141
4620451 1183041
4620451 10350
4620451 15661871
4620451 10350
4620451 7081402
4620451 7861312
4620451 1183041
4620451 28521141
4620451 7861312
4620451 1183041
4620451 15661871
4620451 1183041
4620451 7861312
4620451 28521141
4620451 60101131
4620451 7081402
4620451 10350
4620451 143244854
4620451 10350
4620451 15661871
4620451 1183041
4620451 1183041
4620451 15473958
4620451 15661871
15473958 8963722
15473958 19658826
15473958 4620451
15473958 4620451
15473958 8963722
15473958 4620451
15473958 19658826
15473958 4620451
15473958 144003355
15473958 1183041
15473958 10350
15473958 4620451
15473958 15661871
15473958 8963722
15473958 15661871
15473958 19658826
15473958 4620451
15473958 1183041
15473958 8963722
15473958 19658826
15473958 4620451
15473958 10350
15473958 19658826
15473958 4620451
15473958 8963722
15473958 4620451
15473958 19658826
15473958 8963722
15473958 4620451
15473958 1183041
15473958 15661871
15473958 4620451
15473958 4620451
15473958 18396070
15473958 28521141
15473958 19658826
15473958 7861312
15473958 144003355
15473958 8963722
15473958 15661871
15473958 10350
15473958 1183041
8963722 19658826
8963722 28521141
8963722 19658826
8963722 19658826
8963722 19658826
8963722 19658826
19658826 9852542
19658826 15473958
19658826 4620451
19658826 8963722
19658826 20427778
19658826 15473958
19658826 1183041
19658826 7861312
19658826 4620451
19658826 8963722
19658826 18396070
19658826 8963722
19658826 4620451
19658826 15473958
19658826 1183041
19658826 15473958
19658826 4620451
19658826 8963722
19658826 15473958
19658826 4620451
19658826 15473958
19658826 20427778
19658826 4620451
19658826 8963722
19658826 15439395
19658826 15143478
19658826 1183041
19658826 18713254
19658826 4620451
9852542 82853372
9852542 15473958
9852542 4620451
9852542 15473958
9852542 4620451
9852542 82853372
82853372 138725262
82853372 138725262
82853372 138725262
82853372 138725262
138725262 15820660
138725262 8963722
138725262 4620451
138725262 20427778
138725262 4620451
138725262 8963722
138725262 15820660
138725262 8963722
138725262 15820660
138725262 4620451
138725262 20427778
15820660 20427778
15820660 8963722
15820660 4620451
15820660 19658826
15820660 4620451
15820660 19658826
15820660 4620451
15820660 19658826
15820660 19658826
15820660 8963722
15820660 20427778
15820660 19658826
15820660 4620451
15820660 4620451
20427778 5402612
20427778 19658826
20427778 19658826
5402612 612473
5402612 612473
5402612 612473
612473 5402612
612473 8170292
612473 5402612
612473 5402612
612473 19294743
612473 8170292
612473 21642976
612473 14157134
612473 21642976
612473 192318065
612473 19294743
612473 8170292
612473 5402612
612473 14157134
8170292 115897650
8170292 14157134
8170292 21642976
8170292 50284910
8170292 781674
8170292 50393960
8170292 612473
8170292 5402612
8170292 15439395
8170292 14157134
8170292 5402612
8170292 6141832
8170292 14157134
8170292 21642976
8170292 5402612
8170292 14157134
8170292 21642976
8170292 612473
8170292 5402612
115897650 14157134
14157134 313459249
14157134 8170292
14157134 451586190
14157134 313459249
14157134 8170292
14157134 451586190
14157134 8170292
14157134 8170292
313459249 21642976
313459249 50284910
313459249 192318065
313459249 14157134
313459249 14157134
21642976 50284910
21642976 451586190
21642976 313459249
21642976 8170292
21642976 781674
21642976 19294743
21642976 14157134
21642976 192318065
21642976 19294743
21642976 14157134
21642976 192318065
21642976 5402612
21642976 8170292
21642976 19294743
21642976 14157134
21642976 612473
21642976 5402612
21642976 8170292
50284910 781674
50284910 14515799
50284910 50393960
50284910 313459249
50284910 115897650
50284910 14157134
50284910 8170292
50284910 21642976
781674 19294743
781674 313459249
781674 8170292
781674 451586190
781674 14157134
781674 50284910
781674 14515799
19294743 74264602
74264602 192318065
74264602 313459249
192318065 14515799
192318065 19294743
192318065 14157134
192318065 74264602
192318065 313459249
192318065 451586190
192318065 21642976
192318065 19294743
192318065 5402612
192318065 21642976
192318065 14157134
14515799 14157134
14515799 451586190
14515799 451586190
14515799 79797834
14515799 9532402
14515799 20608910
14515799 9300262
14515799 6141832
14515799 14677919
14515799 79797834
14515799 79797834
451586190 50393960
451586190 50393960
50393960 24741685
50393960 24741685
50393960 24741685
50393960 24741685
50393960 24741685
50393960 24741685
50393960 24741685
24741685 15913
24741685 20534486
24741685 50393960
24741685 15670515
24741685 15913
24741685 50393960
24741685 15670515
24741685 15913
24741685 50393960
24741685 50393960
24741685 50393960
24741685 15670515
24741685 15913
24741685 50393960
24741685 50393960
24741685 15670515
24741685 15913
20534486 15670515
15670515 17790274
15670515 14118444
15670515 24741685
15670515 50393960
15670515 10350
15670515 20534486
15670515 15913
15670515 3829151
15670515 17790274
15670515 15913
15670515 15913
15670515 7861312
15670515 15913
15670515 7861312
15670515 1183041
15670515 50393960
15670515 24741685
15670515 15913
15670515 10350
15670515 50393960
15670515 756278
15670515 3829151
15670515 15913
15670515 50393960
15670515 24741685
15670515 7861312
15670515 15913
15670515 50393960
15670515 24741685
17790274 8131122
17790274 15670515
17790274 17524072
17790274 15670515
8131122 17524072
8131122 62581962
8131122 3829151
8131122 115485051
8131122 1183041
8131122 115485051
8131122 1183041
8131122 115485051
8131122 3829151
8131122 15661871
17524072 3829151
17524072 17790274
17524072 8131122
17524072 115485051
3829151 2154171
3829151 756278
3829151 15134782
3829151 50393960
3829151 8131122
3829151 62581962
3829151 10350
3829151 115485051
3829151 17790274
3829151 15439395
3829151 115485051
3829151 756278
3829151 1183041
3829151 14824849
3829151 756278
3829151 7861312
3829151 115485051
3829151 18396070
3829151 10350
3829151 1183041
3829151 18396070
3829151 115485051
3829151 7861312
3829151 10350
3829151 62581962
3829151 79797834
3829151 15439395
3829151 14824849
3829151 15661871
3829151 10350
3829151 4620451
3829151 115485051
3829151 1183041
3829151 15661871
3829151 18396070
3829151 7861312
3829151 10350
3829151 7861312
3829151 1183041
3829151 115485051
3829151 7861312
3829151 10350
3829151 10350
3829151 50393960
3829151 10350
3829151 10350
3829151 18948541
3829151 15661871
3829151 62581962
3829151 756278
3829151 14677919
3829151 15661871
3829151 6141832
3829151 15227791
3829151 50393960
3829151 6141832
3829151 10350
3829151 1183041
3829151 115485051
3829151 15227791
3829151 18396070
3829151 7861312
3829151 10350
3829151 10350
3829151 15439395
3829151 14824849
3829151 6141832
3829151 62581962
3829151 115485051
3829151 15134782
3829151 50393960
3829151 1183041
3829151 10350
3829151 756278
3829151 10350
3829151 18396070
3829151 2154171
3829151 10350
3829151 50393960
3829151 15661871
3829151 756278
3829151 18396070
3829151 4620451
3829151 10350
3829151 10350
3829151 15439395
3829151 15661871
3829151 10350
3829151 4620451
3829151 79797834
3829151 50393960
3829151 15661871
3829151 115485051
3829151 7861312
3829151 10350
3829151 756278
3829151 1183041
3829151 14824849
3829151 15661871
3829151 115485051
3829151 10350
3829151 15439395
3829151 8131122
3829151 4620451
3829151 115485051
3829151 10350
2154171 14118444
2154171 3829151
2154171 14118444
2154171 10350
2154171 3829151
2154171 10350
14118444 29873662
14118444 3829151
14118444 2154171
14118444 3829151
14118444 15670515
14118444 3829151
14118444 14824849
14118444 3829151
14118444 18396070
14118444 3829151
14118444 18396070
14118444 14824849
14118444 3829151
14118444 3829151
14118444 18396070
14118444 3829151
14118444 3829151
14118444 2154171
14118444 3829151
14118444 14824849
14118444 3829151
29873662 15661911
15661911 20660146
15661911 756278
15661911 15134782
15661911 3829151
20660146 756278
20660146 15134782
20660146 15661911
756278 15134782
756278 15661911
756278 3829151
756278 20660146
756278 3829151
756278 3829151
756278 3829151
756278 3829151
756278 15670515
756278 4620451
756278 3829151
756278 3829151
15134782 18713254
15134782 115485051
15134782 20660146
15134782 115485051
15134782 14824849
15134782 115485051
15134782 115485051
15134782 14824849
15134782 14824849
15134782 6141832
15134782 115485051
15134782 115485051
15134782 115485051
15134782 18713254
15134782 15439395
15134782 18713254
15134782 115485051
15134782 18713254
15134782 115485051
15134782 18713254
15134782 15439395
18713254 15227791
18713254 50374439
18713254 115485051
18713254 7861312
18713254 15439395
18713254 115485051
18713254 7861312
18713254 115485051
18713254 18396070
18713254 7861312
18713254 14824849
18713254 1183041
18713254 115485051
18713254 18396070
18713254 7861312
18713254 62581962
18713254 1183041
18713254 115485051
18713254 15661871
18713254 15439395
18713254 28521141
18713254 18396070
18713254 7861312
18713254 15227791
18713254 1183041
18713254 5402612
18713254 1183041
18713254 15661871
18713254 7861312
18713254 1183041
18713254 7081402
18713254 7861312
18713254 146290693
18713254 62581962
18713254 115485051
18713254 62581962
18713254 15661871
18713254 15439395
18713254 115485051
18713254 14824849
18713254 1183041
18713254 18396070
18713254 7861312
18713254 50374439
18713254 115485051
18713254 144003355
18713254 7081402
18713254 14824849
18713254 14824849
18713254 115485051
18713254 15661871
18713254 62581962
18713254 1183041
18713254 7861312
18713254 5402612
18713254 15661871
18713254 15439395
18713254 62581962
18713254 115485051
18713254 18396070
18713254 7861312
18713254 15227791
18713254 14824849
18713254 1183041
18713254 28521141
18713254 14824849
18713254 5402612
18713254 15227791
18713254 15439395
18713254 15439395
18713254 28521141
18713254 15227791
18713254 7861312
18713254 1183041
18713254 15227791
18713254 62581962
18713254 15661871
18713254 15227791
18713254 50374439
18713254 15439395
18713254 115485051
18713254 62581962
18713254 7861312
18713254 14824849
18713254 1183041
18713254 28521141
18713254 7861312
18713254 115485051
18713254 15661871
18713254 115485051
18713254 28521141
18713254 15661871
18713254 15439395
18713254 115485051
18713254 143244854
18713254 28521141
18713254 115485051
18713254 144003355
18713254 5402612
18713254 50374439
18713254 115485051
18713254 28521141
18713254 7081402
18713254 1183041
18713254 7861312
18713254 7861312
18713254 115485051
18713254 115485051
18713254 28521141
18713254 15661871
18713254 115485051
18713254 7861312
18713254 7081402
18713254 15439395
18713254 62581962
18713254 5402612
18713254 15661871
18713254 115485051
18713254 143244854
18713254 7081402
18713254 7861312
18713254 15439395
18713254 1183041
18713254 28521141
18713254 15439395
15227791 18713254
15227791 130339829
15227791 62581962
15227791 62581962
15227791 1183041
15227791 18713254
15227791 18396070
15227791 62581962
15227791 1183041
15227791 18396070
15227791 1183041
15227791 18713254
15227791 18396070
15227791 62581962
15227791 18713254
15227791 18713254
15227791 62581962
15227791 18713254
15227791 1183041
15227791 62581962
15227791 18713254
15227791 1183041
15227791 18396070
15227791 144003355
15227791 18396070
15227791 1183041
130339829 23027237
130339829 15227791
130339829 62581962
23027237 50374439
23027237 115485051
23027237 115485051
23027237 62581962
23027237 115485051
23027237 6539592
23027237 50374439
23027237 115485051
23027237 115485051
23027237 18948541
23027237 35097545
23027237 14824849
23027237 18948541
23027237 115485051
23027237 22872643
23027237 6539592
23027237 18948541
50374439 115485051
50374439 115485051
50374439 115485051
50374439 146290693
50374439 14824849
50374439 115485051
50374439 115485051
50374439 115485051
50374439 14824849
50374439 115485051
50374439 115485051
50374439 14824849
50374439 115485051
50374439 14824849
50374439 115485051
50374439 115485051
115485051 116485573
116485573 115485051
146290693 14824849
146290693 22872643
146290693 1183041
146290693 18713254
146290693 7081402
146290693 79797834
146290693 50374439
22872643 6539592
22872643 79797834
22872643 146290693
22872643 14824849
22872643 79797834
22872643 115485051
22872643 115485051
22872643 14824849
22872643 79797834
22872643 115485051
22872643 79797834
22872643 85701883
22872643 79797834
22872643 18948541
22872643 14824849
22872643 115485051
22872643 115485051
22872643 23027237
22872643 18948541
22872643 6539592
22872643 115485051
6539592 35097545
6539592 115485051
6539592 23027237
6539592 22872643
6539592 115485051
6539592 14824849
6539592 115485051
6539592 115485051
6539592 14824849
6539592 115485051
6539592 115485051
6539592 14824849
6539592 115485051
6539592 14677919
6539592 14824849
6539592 23027237
6539592 115485051
6539592 22872643
6539592 115485051
35097545 85701883
35097545 6539592
35097545 18948541
35097545 85701883
35097545 23027237
35097545 18948541
35097545 14824849
35097545 115485051
35097545 115485051
85701883 79797834
85701883 6539592
85701883 35097545
85701883 18948541
85701883 79797834
85701883 35097545
85701883 22872643
79797834 9973842
79797834 23483324
79797834 37977732
79797834 62581962
79797834 22872643
79797834 37977732
79797834 62581962
79797834 115485051
79797834 115485051
79797834 15143478
79797834 451586190
79797834 9973842
79797834 115485051
79797834 22872643
79797834 37977732
79797834 115485051
79797834 115485051
79797834 115485051
79797834 115485051
79797834 62581962
79797834 115485051
79797834 22872643
79797834 22872643
79797834 115485051
79797834 22872643
79797834 62581962
79797834 451586190
79797834 115485051
79797834 9973842
79797834 115485051
79797834 37977732
79797834 23483324
79797834 115485051
79797834 15143478
79797834 9973842
79797834 62581962
79797834 37977732
79797834 451586190
79797834 22872643
9973842 451331227
9973842 16858804
9973842 79797834
9973842 9503302
9973842 2705
9973842 83876527
9973842 16877939
9973842 22689667
9973842 55113
9973842 79797834
9973842 83876527
9973842 79797834
451331227 88974843
451331227 22689667
451331227 83876527
451331227 9973842
451331227 55113
88974843 14677919
88974843 59557446
14677919 23483324
14677919 59557446
14677919 14824849
14677919 6141832
14677919 14515799
14677919 6141832
14677919 14824849
14677919 20608910
14677919 9532402
14677919 14824849
14677919 23483324
14677919 14515799
14677919 17044233
14677919 9300262
14677919 59557446
14677919 47707475
14677919 6141832
23483324 59557446
23483324 98976495
23483324 46073276
23483324 203827751
23483324 79797834
23483324 14677919
23483324 59557446
23483324 9532402
23483324 47707475
59557446 23483324
59557446 14677919
59557446 46073276
59557446 14515799
59557446 14824849
59557446 23483324
59557446 9532402
46073276 28359405
46073276 23483324
46073276 23930272
46073276 14677919
46073276 203827751
46073276 83876527
46073276 99211591
46073276 59557446
46073276 96770886
46073276 5992502
28359405 5992502
28359405 83876527
28359405 203827751
5992502 203827751
5992502 14677919
5992502 28359405
5992502 83876527
5992502 46073276
203827751 28359405
203827751 5992502
203827751 79797834
203827751 23483324
203827751 46073276
203827751 23930272
203827751 98976495
203827751 14677919
203827751 83876527
23930272 18758940
23930272 46073276
23930272 99211591
23930272 96770886
18758940 96770886
18758940 23930272
18758940 99211591
96770886 99211591
96770886 18758940
96770886 46073276
96770886 23930272
99211591 96770886
99211591 37977732
99211591 23930272
99211591 18758940
99211591 79797834
99211591 83876527
99211591 46073276
99211591 79797834
37977732 16858804
37977732 99211591
37977732 79797834
37977732 22689667
37977732 16877939
37977732 79797834
37977732 79797834
37977732 79797834
37977732 22689667
37977732 79797834
37977732 16858804
37977732 99211591
37977732 16877939
16858804 9503302
16858804 16877939
16858804 9973842
16858804 37977732
16858804 16877939
9503302 16858804
9503302 16877939
9503302 2705
9503302 22689667
16877939 55113
16877939 9973842
16877939 37977732
16877939 79797834
16877939 9503302
16877939 16858804
16877939 79797834
16877939 16858804
55113 16858804
55113 83876527
55113 9973842
55113 16877939
55113 451331227
55113 22689667
55113 88974843
83876527 9973842
83876527 22689667
83876527 46073276
83876527 55113
83876527 23930272
83876527 98976495
83876527 5992502
83876527 203827751
83876527 28359405
83876527 59557446
83876527 9973842
22689667 792998
22689667 451331227
22689667 37977732
22689667 83876527
22689667 55113
22689667 9973842
22689667 9503302
792998 16877939
792998 2705
792998 22689667
792998 83876527
792998 9973842
2705 9503302
2705 22689667
2705 9973842
2705 98976495
2705 792998
98976495 203827751
98976495 83876527
98976495 23483324
98976495 6141832
6141832 47707475
6141832 14515799
6141832 451586190
47707475 17044233
47707475 14824849
47707475 9532402
47707475 14515799
47707475 23483324
47707475 6141832
17044233 9532402
17044233 47707475
9532402 9300262
9532402 14515799
9532402 59557446
9532402 17044233
9532402 47707475
9300262 20608910
9300262 14515799
9300262 9532402
20608910 9532402
